500
0 -9.635868 -35.715712
1 -9.548422 -35.667989
2 -9.589739 -35.667996
3 -9.603815 -35.657709
4 -9.627314 -35.732103
5 -9.516112 -35.749311
6 -9.536908 -35.710498
7 -9.667357 -35.731358
8 -9.676383 -35.681312
9 -9.637688 -35.710239
10 -9.584484 -35.707903
11 -9.667816 -35.692917
12 -9.512794 -35.667463
13 -9.690151 -35.683141
14 -9.686058 -35.690904
15 -9.658248 -35.685024
16 -9.592298 -35.673104
17 -9.505905 -35.676388
18 -9.693646 -35.654097
19 -9.622872 -35.707265
20 -9.617878 -35.735482
21 -9.507153 -35.659135
22 -9.550967 -35.749999
23 -9.655012 -35.697243
24 -9.529487 -35.743656
25 -9.647366 -35.739403
26 -9.678137 -35.724917
27 -9.568400 -35.749148
28 -9.653358 -35.695405
29 -9.544997 -35.686297
30 -9.591829 -35.738674
31 -9.599110 -35.724643
32 -9.550156 -35.738725
33 -9.507122 -35.696547
34 -9.544462 -35.682471
35 -9.563480 -35.704000
36 -9.667415 -35.721510
37 -9.652497 -35.658113
38 -9.593802 -35.716614
39 -9.667702 -35.732241
40 -9.554111 -35.672011
41 -9.566984 -35.650622
42 -9.618900 -35.730126
43 -9.671078 -35.702222
44 -9.503484 -35.729995
45 -9.640929 -35.743504
46 -9.537313 -35.713242
47 -9.508569 -35.659979
48 -9.534718 -35.701134
49 -9.525000 -35.740250
50 -9.573046 -35.691655
51 -9.500779 -35.696067
52 -9.589990 -35.682066
53 -9.573095 -35.700748
54 -9.550535 -35.717424
55 -9.683812 -35.711610
56 -9.648144 -35.674587
57 -9.561538 -35.687783
58 -9.535478 -35.687052
59 -9.578396 -35.747290
60 -9.606032 -35.686255
61 -9.559029 -35.703622
62 -9.563718 -35.705112
63 -9.640595 -35.737374
64 -9.689280 -35.660619
65 -9.641837 -35.679263
66 -9.534247 -35.743375
67 -9.616220 -35.704601
68 -9.649200 -35.650425
69 -9.594151 -35.650052
70 -9.660905 -35.714398
71 -9.577315 -35.664271
72 -9.610456 -35.664335
73 -9.569288 -35.708691
74 -9.545846 -35.718346
75 -9.686828 -35.656908
76 -9.511400 -35.650205
77 -9.575423 -35.668290
78 -9.695280 -35.682092
79 -9.641124 -35.681405
80 -9.541303 -35.743950
81 -9.524327 -35.680871
82 -9.604164 -35.689007
83 -9.669347 -35.656204
84 -9.657694 -35.729732
85 -9.609705 -35.657508
86 -9.678744 -35.722356
87 -9.674137 -35.709618
88 -9.500276 -35.668131
89 -9.544011 -35.692847
90 -9.559920 -35.688609
91 -9.688597 -35.725395
92 -9.633853 -35.680997
93 -9.637688 -35.709492
94 -9.660766 -35.747595
95 -9.665641 -35.713646
96 -9.691590 -35.674702
97 -9.626990 -35.710334
98 -9.559715 -35.666456
99 -9.649721 -35.727833
100 -9.589025 -35.667517
101 -9.533169 -35.681621
102 -9.623292 -35.737903
103 -9.656005 -35.737355
104 -9.644290 -35.688213
105 -9.593782 -35.650197
106 -9.507570 -35.667352
107 -9.556491 -35.669305
108 -9.602083 -35.708017
109 -9.667540 -35.675142
110 -9.612415 -35.729097
111 -9.675663 -35.732165
112 -9.578955 -35.651335
113 -9.565311 -35.694084
114 -9.524725 -35.724606
115 -9.508146 -35.704619
116 -9.667153 -35.717610
117 -9.528060 -35.652746
118 -9.589883 -35.682219
119 -9.516713 -35.696542
120 -9.560208 -35.711705
121 -9.649622 -35.695702
122 -9.541451 -35.687240
123 -9.699915 -35.737871
124 -9.590238 -35.666128
125 -9.631692 -35.726301
126 -9.669354 -35.713326
127 -9.541095 -35.690737
128 -9.617411 -35.712467
129 -9.669778 -35.682192
130 -9.598182 -35.722366
131 -9.599416 -35.696393
132 -9.568677 -35.676522
133 -9.615932 -35.683698
134 -9.628259 -35.676290
135 -9.605816 -35.678466
136 -9.547197 -35.672625
137 -9.619403 -35.652521
138 -9.633242 -35.747313
139 -9.576342 -35.689654
140 -9.612866 -35.723240
141 -9.579060 -35.734069
142 -9.606946 -35.667253
143 -9.638024 -35.734760
144 -9.633814 -35.657473
145 -9.698438 -35.723365
146 -9.577649 -35.675365
147 -9.527328 -35.697414
148 -9.679577 -35.723666
149 -9.517941 -35.716505
150 -9.603388 -35.670268
151 -9.586654 -35.746802
152 -9.613660 -35.695623
153 -9.682544 -35.660475
154 -9.614569 -35.727936
155 -9.647301 -35.697585
156 -9.634913 -35.695143
157 -9.546324 -35.733132
158 -9.695795 -35.710738
159 -9.543619 -35.699910
160 -9.574273 -35.704900
161 -9.519884 -35.743021
162 -9.516476 -35.705770
163 -9.536173 -35.726033
164 -9.658218 -35.731993
165 -9.627379 -35.675234
166 -9.529725 -35.745218
167 -9.573699 -35.678133
168 -9.551415 -35.714816
169 -9.640533 -35.721566
170 -9.525119 -35.734012
171 -9.683728 -35.708607
172 -9.510811 -35.702081
173 -9.557068 -35.723959
174 -9.561446 -35.709105
175 -9.667783 -35.715565
176 -9.614214 -35.650494
177 -9.511671 -35.724504
178 -9.690976 -35.719090
179 -9.506802 -35.711064
180 -9.511666 -35.688131
181 -9.647235 -35.743356
182 -9.553826 -35.675328
183 -9.686029 -35.748277
184 -9.599692 -35.713309
185 -9.583358 -35.749423
186 -9.510851 -35.736831
187 -9.651925 -35.650361
188 -9.620061 -35.682661
189 -9.556210 -35.712595
190 -9.553327 -35.684294
191 -9.667700 -35.713713
192 -9.548992 -35.651971
193 -9.550339 -35.677464
194 -9.690945 -35.656702
195 -9.582416 -35.735911
196 -9.519561 -35.727176
197 -9.508290 -35.716143
198 -9.645284 -35.748167
199 -9.684094 -35.680927
200 -9.685346 -35.702923
201 -9.640374 -35.683954
202 -9.641607 -35.748351
203 -9.670064 -35.680570
204 -9.687614 -35.664384
205 -9.597592 -35.663871
206 -9.553308 -35.723890
207 -9.628533 -35.680392
208 -9.513164 -35.674333
209 -9.638125 -35.679237
210 -9.683109 -35.705146
211 -9.572857 -35.707432
212 -9.626936 -35.660022
213 -9.569822 -35.698549
214 -9.610600 -35.673081
215 -9.529282 -35.723799
216 -9.568556 -35.660882
217 -9.677476 -35.672068
218 -9.505339 -35.719463
219 -9.637927 -35.723348
220 -9.626214 -35.691165
221 -9.634173 -35.674322
222 -9.645903 -35.744803
223 -9.620145 -35.687735
224 -9.529648 -35.693829
225 -9.567177 -35.671606
226 -9.558725 -35.744370
227 -9.650585 -35.693454
228 -9.568576 -35.726225
229 -9.517331 -35.692347
230 -9.557634 -35.673228
231 -9.676636 -35.706728
232 -9.561323 -35.678754
233 -9.626167 -35.692611
234 -9.641989 -35.651091
235 -9.588617 -35.739622
236 -9.645977 -35.664177
237 -9.637099 -35.664010
238 -9.630418 -35.720061
239 -9.520646 -35.749602
240 -9.515700 -35.686420
241 -9.533585 -35.679415
242 -9.664764 -35.742040
243 -9.542584 -35.708721
244 -9.562654 -35.665679
245 -9.534772 -35.652938
246 -9.657098 -35.726532
247 -9.649597 -35.691844
248 -9.627763 -35.706489
249 -9.537833 -35.676701
250 -9.623843 -35.662078
251 -9.502721 -35.717310
252 -9.669062 -35.666262
253 -9.537425 -35.654691
254 -9.569484 -35.659836
255 -9.526326 -35.684380
256 -9.558092 -35.726519
257 -9.626316 -35.746977
258 -9.669517 -35.689622
259 -9.554564 -35.682384
260 -9.662819 -35.702405
261 -9.635908 -35.652018
262 -9.542703 -35.708729
263 -9.607646 -35.655678
264 -9.550414 -35.707208
265 -9.683038 -35.710029
266 -9.506037 -35.678733
267 -9.514873 -35.739289
268 -9.656765 -35.725932
269 -9.664458 -35.674381
270 -9.633668 -35.725826
271 -9.526692 -35.655963
272 -9.550907 -35.749340
273 -9.699937 -35.720298
274 -9.697768 -35.697265
275 -9.658732 -35.657668
276 -9.640077 -35.690399
277 -9.663785 -35.714449
278 -9.691650 -35.677442
279 -9.533861 -35.702734
280 -9.501574 -35.675655
281 -9.680849 -35.718732
282 -9.647341 -35.726950
283 -9.507466 -35.689523
284 -9.610628 -35.709551
285 -9.652590 -35.736367
286 -9.629108 -35.709853
287 -9.605939 -35.706329
288 -9.557088 -35.688647
289 -9.581875 -35.685219
290 -9.542045 -35.676712
291 -9.599155 -35.696240
292 -9.604826 -35.654984
293 -9.615379 -35.738256
294 -9.552587 -35.665553
295 -9.692767 -35.665279
296 -9.691752 -35.738500
297 -9.535072 -35.675842
298 -9.568332 -35.680392
299 -9.504001 -35.672112
300 -9.575413 -35.685450
301 -9.519227 -35.726438
302 -9.693021 -35.700027
303 -9.506704 -35.690800
304 -9.565590 -35.732204
305 -9.516372 -35.734567
306 -9.536400 -35.737305
307 -9.586857 -35.654363
308 -9.574432 -35.742623
309 -9.512760 -35.682717
310 -9.664074 -35.745824
311 -9.534019 -35.727059
312 -9.561679 -35.670161
313 -9.593856 -35.667829
314 -9.616517 -35.697003
315 -9.649683 -35.708103
316 -9.562506 -35.723290
317 -9.665490 -35.741671
318 -9.544014 -35.724196
319 -9.535448 -35.741287
320 -9.626534 -35.677841
321 -9.559686 -35.722912
322 -9.558708 -35.699175
323 -9.672494 -35.703517
324 -9.614081 -35.728436
325 -9.655682 -35.720627
326 -9.561179 -35.666307
327 -9.631425 -35.676187
328 -9.536254 -35.709653
329 -9.662578 -35.672358
330 -9.646015 -35.687718
331 -9.555115 -35.712469
332 -9.531596 -35.664379
333 -9.622380 -35.669332
334 -9.514718 -35.731908
335 -9.555283 -35.716948
336 -9.506523 -35.666352
337 -9.557768 -35.707368
338 -9.668699 -35.714102
339 -9.619268 -35.717599
340 -9.559928 -35.654968
341 -9.680101 -35.727362
342 -9.531060 -35.661126
343 -9.503778 -35.696088
344 -9.512862 -35.733891
345 -9.600832 -35.689411
346 -9.650544 -35.746775
347 -9.693926 -35.706191
348 -9.509654 -35.674969
349 -9.594023 -35.670794
350 -9.686320 -35.689346
351 -9.687470 -35.655679
352 -9.579283 -35.702350
353 -9.608829 -35.698467
354 -9.671269 -35.705160
355 -9.643645 -35.669486
356 -9.509488 -35.680040
357 -9.650221 -35.733996
358 -9.532443 -35.687170
359 -9.525279 -35.682030
360 -9.552525 -35.747104
361 -9.566906 -35.697437
362 -9.636534 -35.712178
363 -9.557977 -35.661695
364 -9.611270 -35.705143
365 -9.685481 -35.737191
366 -9.546877 -35.683255
367 -9.543277 -35.724579
368 -9.585686 -35.714458
369 -9.592489 -35.681115
370 -9.597962 -35.674810
371 -9.647966 -35.683633
372 -9.638261 -35.727044
373 -9.657744 -35.650533
374 -9.620523 -35.664427
375 -9.653760 -35.671687
376 -9.675071 -35.662202
377 -9.674513 -35.665913
378 -9.596821 -35.687398
379 -9.583957 -35.685470
380 -9.572845 -35.702473
381 -9.520383 -35.737046
382 -9.655983 -35.657128
383 -9.687304 -35.657732
384 -9.619846 -35.679700
385 -9.635701 -35.714520
386 -9.691545 -35.695812
387 -9.612191 -35.745476
388 -9.619342 -35.738958
389 -9.545464 -35.703873
390 -9.591678 -35.669918
391 -9.628212 -35.679046
392 -9.652483 -35.743567
393 -9.645975 -35.652679
394 -9.552770 -35.704231
395 -9.624601 -35.731712
396 -9.574765 -35.736356
397 -9.675389 -35.732071
398 -9.618918 -35.676513
399 -9.515579 -35.670850
400 -9.562809 -35.668233
401 -9.597546 -35.680119
402 -9.515961 -35.677005
403 -9.661236 -35.697887
404 -9.574014 -35.726257
405 -9.619254 -35.702711
406 -9.515698 -35.671080
407 -9.679148 -35.717423
408 -9.664517 -35.664978
409 -9.578782 -35.696569
410 -9.677191 -35.676794
411 -9.551681 -35.650516
412 -9.641037 -35.651357
413 -9.520010 -35.701693
414 -9.697065 -35.686582
415 -9.559403 -35.743684
416 -9.588903 -35.747820
417 -9.616334 -35.664193
418 -9.571916 -35.694540
419 -9.671232 -35.694308
420 -9.676368 -35.659497
421 -9.518958 -35.664520
422 -9.589337 -35.692407
423 -9.555929 -35.652875
424 -9.525704 -35.654765
425 -9.674177 -35.650005
426 -9.662162 -35.681485
427 -9.642276 -35.665367
428 -9.637159 -35.667170
429 -9.664448 -35.688467
430 -9.521529 -35.668402
431 -9.663046 -35.703615
432 -9.501971 -35.717065
433 -9.625078 -35.744003
434 -9.515238 -35.703209
435 -9.672284 -35.735581
436 -9.609391 -35.715300
437 -9.696040 -35.672085
438 -9.677971 -35.732136
439 -9.612536 -35.650449
440 -9.606674 -35.684558
441 -9.547608 -35.721691
442 -9.526029 -35.682362
443 -9.516649 -35.656583
444 -9.571127 -35.662634
445 -9.594628 -35.658629
446 -9.545710 -35.670965
447 -9.623504 -35.716450
448 -9.564869 -35.675747
449 -9.571359 -35.715852
450 -9.650511 -35.672163
451 -9.671798 -35.651085
452 -9.586266 -35.684866
453 -9.670371 -35.664596
454 -9.540176 -35.669129
455 -9.691866 -35.696433
456 -9.512073 -35.707190
457 -9.669487 -35.731270
458 -9.524561 -35.748456
459 -9.614190 -35.742791
460 -9.575259 -35.690419
461 -9.551004 -35.662654
462 -9.634902 -35.698699
463 -9.665997 -35.708746
464 -9.604643 -35.720071
465 -9.675512 -35.669104
466 -9.674461 -35.735291
467 -9.678770 -35.746920
468 -9.580570 -35.719809
469 -9.671936 -35.718304
470 -9.667253 -35.658133
471 -9.697881 -35.744170
472 -9.535939 -35.665555
473 -9.573430 -35.718963
474 -9.613566 -35.700225
475 -9.553881 -35.738217
476 -9.638374 -35.673938
477 -9.540337 -35.725013
478 -9.577925 -35.693840
479 -9.546664 -35.686895
480 -9.500709 -35.704033
481 -9.574946 -35.661863
482 -9.677336 -35.690307
483 -9.577317 -35.680386
484 -9.683067 -35.655694
485 -9.690531 -35.676433
486 -9.619775 -35.683211
487 -9.651732 -35.728208
488 -9.576746 -35.680982
489 -9.532043 -35.725938
490 -9.663231 -35.659599
491 -9.546520 -35.677987
492 -9.642434 -35.696775
493 -9.580661 -35.684493
494 -9.534193 -35.691914
495 -9.606832 -35.713832
496 -9.550400 -35.685442
497 -9.647992 -35.700184
498 -9.581612 -35.672946
499 -9.605664 -35.700332
