982
0 217 8 27
1 379 12 34
2 71 12 33
3 94 8 22
4 173 4 23
5 380 6 35
6 58 3 26
7 424 8 23
8 388 2 22
9 399 8 26
10 290 7 21
11 429 1 25
12 100 9 29
13 58 9 31
14 146 3 29
15 482 8 24
16 44 1 34
17 313 6 21
18 466 8 23
19 66 5 30
20 218 8 24
21 83 4 23
22 127 6 28
23 174 12 22
24 383 5 35
25 217 2 33
26 67 9 32
27 82 10 32
28 487 13 34
29 310 3 34
30 493 13 30
31 239 1 32
32 158 8 29
33 493 10 26
34 224 9 22
35 249 8 28
36 429 2 33
37 15 10 22
38 443 2 32
39 32 7 28
40 101 8 22
41 183 2 30
42 69 13 23
43 249 6 27
44 231 10 20
45 495 6 28
46 456 5 27
47 346 8 31
48 221 6 21
49 157 12 34
50 233 6 25
51 361 5 31
52 72 4 28
53 341 6 34
54 229 1 25
55 338 5 32
56 297 4 32
57 85 11 20
58 33 2 35
59 71 11 30
60 192 13 26
61 199 12 32
62 460 3 29
63 482 7 23
64 173 6 23
65 84 3 24
66 347 9 35
67 19 2 31
68 15 6 22
69 481 9 23
70 461 1 26
71 423 5 23
72 30 8 32
73 114 1 31
74 452 9 23
75 338 9 20
76 192 8 33
77 481 6 30
78 347 8 22
79 38 1 27
80 201 3 20
81 158 1 24
82 205 7 28
83 219 13 27
84 421 3 22
85 482 8 22
86 410 1 33
87 443 3 30
88 354 4 32
89 246 2 21
90 84 1 30
91 114 7 23
92 231 13 35
93 143 10 34
94 470 9 27
95 424 6 34
96 374 6 22
97 24 4 28
98 326 9 25
99 80 1 32
100 128 12 23
101 219 3 29
102 216 5 34
103 373 2 34
104 428 7 28
105 336 4 20
106 9 12 20
107 119 9 21
108 257 4 30
109 56 5 26
110 157 4 33
111 437 2 29
112 58 7 32
113 467 10 23
114 381 3 32
115 94 1 23
116 455 9 20
117 407 4 24
118 417 9 26
119 130 11 29
120 201 8 28
121 114 11 23
122 120 9 31
123 362 10 34
124 89 3 26
125 378 3 33
126 277 3 25
127 478 12 24
128 232 1 34
129 189 4 22
130 195 2 35
131 36 11 34
132 247 5 24
133 216 7 26
134 453 4 20
135 327 7 24
136 462 7 31
137 376 6 22
138 40 9 25
139 330 3 34
140 278 8 26
141 452 7 29
142 4 4 27
143 388 9 21
144 114 13 34
145 299 10 24
146 417 3 33
147 117 10 22
148 247 9 24
149 220 2 30
150 397 4 28
151 148 5 32
152 200 10 24
153 371 13 22
154 130 7 28
155 193 2 35
156 253 1 33
157 240 6 35
158 456 13 31
159 363 9 22
160 315 6 32
161 211 13 35
162 84 1 21
163 101 1 33
164 485 6 28
165 255 11 33
166 21 11 29
167 477 9 28
168 353 10 20
169 415 9 34
170 131 4 26
171 484 13 27
172 130 2 25
173 196 11 27
174 8 12 32
175 498 6 28
176 13 6 35
177 135 12 25
178 265 9 23
179 51 8 29
180 188 4 22
181 422 11 32
182 32 2 31
183 365 1 33
184 94 12 27
185 423 12 20
186 192 1 33
187 356 8 20
188 151 7 33
189 72 4 20
190 64 11 25
191 261 1 21
192 123 12 26
193 182 12 30
194 367 9 21
195 390 11 25
196 136 10 32
197 40 4 25
198 278 1 25
199 342 5 20
200 259 7 20
201 69 13 33
202 284 11 35
203 109 1 34
204 114 12 31
205 52 8 25
206 30 1 28
207 167 3 25
208 266 8 32
209 478 6 21
210 483 10 21
211 307 8 31
212 404 11 20
213 123 4 31
214 357 12 29
215 420 4 30
216 465 8 35
217 393 4 30
218 246 13 35
219 193 6 21
220 237 2 24
221 464 6 26
222 386 6 34
223 354 6 35
224 37 11 20
225 401 4 23
226 453 2 30
227 107 7 28
228 260 7 20
229 305 2 21
230 98 2 28
231 9 2 29
232 373 8 34
233 427 11 22
234 415 12 23
235 204 10 20
236 110 3 25
237 221 12 31
238 162 2 31
239 203 9 34
240 448 13 24
241 205 2 26
242 27 9 23
243 109 2 32
244 78 10 27
245 151 9 29
246 328 3 20
247 65 5 28
248 382 7 32
249 64 11 35
250 85 13 29
251 132 9 25
252 89 1 25
253 198 12 25
254 206 1 33
255 42 4 27
256 202 7 32
257 462 5 33
258 203 6 21
259 65 3 33
260 135 13 21
261 164 9 20
262 275 5 32
263 95 3 27
264 379 8 22
265 366 7 35
266 180 13 32
267 351 6 28
268 262 11 32
269 489 6 22
270 363 11 30
271 322 4 33
272 57 10 22
273 455 4 28
274 177 10 35
275 284 7 25
276 355 12 25
277 64 8 26
278 76 6 30
279 194 5 30
280 262 9 26
281 193 1 27
282 22 2 35
283 272 4 35
284 387 13 23
285 155 9 33
286 470 10 33
287 336 2 28
288 202 11 30
289 435 11 27
290 324 9 33
291 235 4 20
292 428 4 33
293 269 6 32
294 366 4 20
295 405 12 25
296 107 6 24
297 306 13 28
298 156 10 25
299 434 9 34
300 311 2 30
301 94 3 31
302 455 12 29
303 109 4 30
304 243 7 25
305 450 7 27
306 202 2 23
307 126 2 33
308 494 5 21
309 391 12 31
310 375 3 21
311 125 1 27
312 70 8 31
313 454 1 23
314 140 12 31
315 198 2 35
316 452 6 30
317 204 8 33
318 386 10 24
319 278 2 28
320 246 6 22
321 474 8 23
322 285 11 22
323 489 5 30
324 51 2 31
325 208 13 34
326 312 3 26
327 173 1 32
328 41 2 30
329 110 7 25
330 402 3 34
331 45 11 24
332 234 1 28
333 325 13 27
334 203 12 25
335 313 2 32
336 178 12 32
337 245 10 20
338 225 7 34
339 0 12 35
340 187 1 35
341 34 8 33
342 370 10 29
343 345 6 34
344 370 6 28
345 164 1 35
346 68 7 29
347 361 8 27
348 153 12 26
349 322 8 33
350 68 8 24
351 247 1 33
352 119 5 21
353 236 1 21
354 353 4 21
355 198 1 25
356 460 6 27
357 432 9 30
358 418 12 32
359 116 12 32
360 462 7 22
361 125 4 31
362 473 11 22
363 326 1 30
364 150 8 35
365 216 5 28
366 258 1 35
367 338 9 24
368 353 12 24
369 478 8 24
370 220 2 20
371 334 1 28
372 429 4 35
373 252 7 34
374 481 7 29
375 498 3 23
376 465 2 25
377 79 13 34
378 373 2 20
379 467 4 23
380 210 3 30
381 445 9 31
382 77 11 20
383 43 2 35
384 6 7 35
385 477 1 31
386 370 4 31
387 100 3 29
388 186 6 20
389 339 11 27
390 36 7 24
391 214 4 26
392 140 7 21
393 489 13 24
394 487 6 23
395 89 5 25
396 441 11 23
397 184 11 21
398 115 5 35
399 11 3 21
400 70 5 34
401 488 10 34
402 217 2 29
403 368 5 33
404 331 7 29
405 60 6 26
406 63 5 28
407 261 7 23
408 170 3 22
409 442 12 34
410 203 2 27
411 98 6 21
412 76 12 24
413 417 5 20
414 81 9 30
415 340 7 23
416 303 12 20
417 65 2 33
418 80 13 25
419 51 1 26
420 391 11 30
421 479 5 20
422 485 11 35
423 478 9 35
424 379 7 26
425 178 6 34
426 466 11 35
427 166 1 30
428 344 13 22
429 231 12 32
430 302 11 20
431 40 1 30
432 498 5 22
433 376 12 27
434 217 13 34
435 78 10 25
436 49 12 30
437 116 11 22
438 211 10 28
439 465 4 26
440 297 7 30
441 398 9 35
442 153 8 25
443 3 4 23
444 163 3 21
445 461 3 29
446 126 8 22
447 300 6 25
448 116 10 30
449 104 6 25
450 177 13 23
451 175 6 22
452 25 4 26
453 100 12 21
454 41 11 23
455 28 2 35
456 251 2 26
457 384 3 23
458 424 5 28
459 59 4 35
460 432 13 32
461 364 11 35
462 472 13 21
463 429 3 31
464 43 12 31
465 417 10 29
466 181 2 22
467 163 2 29
468 477 3 33
469 50 10 23
470 15 13 25
471 39 1 34
472 144 6 24
473 113 11 26
474 372 9 35
475 17 5 29
476 17 10 26
477 366 9 32
478 212 9 21
479 107 1 21
480 409 12 22
481 229 5 35
482 338 4 26
483 43 12 24
484 155 3 33
485 450 13 27
486 317 7 33
487 25 10 21
488 443 8 28
489 84 1 29
490 90 2 21
491 167 11 33
492 494 4 27
493 194 10 24
494 106 12 28
495 197 6 25
496 55 10 29
497 168 13 29
498 384 6 35
499 400 10 30
500 83 13 27
501 132 2 21
502 47 11 31
503 12 7 32
504 85 9 21
505 255 9 31
506 22 1 33
507 229 10 28
508 426 13 25
509 278 7 23
510 420 12 21
511 420 5 22
512 348 2 21
513 138 13 25
514 291 2 27
515 360 4 24
516 1 9 21
517 236 4 22
518 317 11 31
519 98 8 30
520 208 3 27
521 457 2 26
522 495 10 22
523 233 10 30
524 402 1 34
525 107 8 21
526 433 4 34
527 76 8 35
528 364 3 33
529 199 1 25
530 376 9 30
531 184 6 30
532 139 8 33
533 346 6 24
534 448 10 26
535 267 6 26
536 394 3 34
537 442 9 28
538 328 9 22
539 410 12 25
540 374 6 28
541 322 3 25
542 18 7 30
543 362 6 22
544 224 8 23
545 364 2 23
546 90 4 24
547 435 9 26
548 185 11 25
549 270 7 22
550 119 10 29
551 418 10 27
552 33 7 22
553 277 2 28
554 81 2 25
555 330 12 22
556 238 1 22
557 269 6 25
558 211 11 34
559 250 9 22
560 419 8 32
561 55 7 23
562 381 7 21
563 392 3 28
564 77 2 21
565 232 13 29
566 280 2 28
567 495 11 25
568 172 13 25
569 317 9 22
570 115 9 25
571 477 8 30
572 417 11 35
573 81 11 35
574 470 3 33
575 241 5 29
576 67 12 30
577 189 12 35
578 35 11 20
579 385 13 23
580 192 4 25
581 392 6 21
582 192 13 21
583 5 9 22
584 98 6 29
585 404 6 31
586 6 10 29
587 34 5 28
588 387 7 34
589 34 6 27
590 315 4 23
591 357 1 34
592 434 13 33
593 205 7 21
594 418 6 25
595 307 4 25
596 273 3 34
597 191 4 27
598 47 3 26
599 49 2 29
600 338 10 34
601 355 13 24
602 237 10 22
603 327 1 30
604 427 3 27
605 224 3 24
606 477 1 34
607 182 7 26
608 469 2 28
609 299 2 31
610 350 3 24
611 334 6 25
612 494 9 27
613 79 11 21
614 276 2 24
615 431 12 35
616 436 5 25
617 187 8 29
618 398 6 21
619 140 13 34
620 65 5 31
621 473 6 20
622 460 4 31
623 108 12 20
624 24 5 23
625 243 8 26
626 86 8 24
627 246 6 24
628 189 9 35
629 348 5 35
630 414 10 30
631 396 13 29
632 136 3 34
633 75 13 29
634 324 3 26
635 340 8 35
636 414 10 29
637 73 10 22
638 346 2 27
639 202 8 23
640 355 3 28
641 333 1 28
642 344 1 20
643 311 13 34
644 156 7 29
645 491 11 25
646 343 5 30
647 442 4 24
648 323 8 26
649 394 7 35
650 290 7 31
651 204 9 32
652 158 2 21
653 380 2 34
654 203 1 26
655 168 9 21
656 136 2 20
657 447 7 34
658 25 9 31
659 307 7 26
660 195 12 26
661 117 13 25
662 99 1 30
663 64 5 27
664 321 6 27
665 398 3 31
666 261 13 22
667 8 2 29
668 38 11 33
669 113 7 26
670 198 5 21
671 387 11 27
672 331 8 22
673 470 9 26
674 126 8 29
675 60 8 27
676 390 10 34
677 322 6 20
678 421 5 33
679 246 6 26
680 85 8 22
681 362 12 23
682 215 4 23
683 98 6 31
684 397 11 33
685 211 5 27
686 425 1 28
687 168 9 22
688 363 11 32
689 436 4 31
690 438 1 25
691 280 5 24
692 184 7 32
693 97 1 35
694 78 2 30
695 154 10 34
696 310 10 27
697 249 2 33
698 120 8 22
699 125 13 22
700 241 3 22
701 268 2 31
702 127 8 22
703 0 12 22
704 340 3 32
705 191 4 25
706 390 1 32
707 151 5 27
708 118 9 28
709 442 10 23
710 276 12 33
711 375 3 33
712 82 10 33
713 492 9 32
714 100 6 25
715 414 13 20
716 492 12 25
717 401 8 34
718 345 3 29
719 324 11 21
720 299 13 27
721 340 4 24
722 136 11 34
723 34 8 32
724 312 6 28
725 120 4 23
726 299 7 21
727 498 2 28
728 235 11 28
729 85 6 33
730 266 11 32
731 185 10 30
732 400 12 28
733 467 5 35
734 409 2 23
735 75 10 21
736 124 1 33
737 242 10 23
738 415 13 30
739 98 13 30
740 28 6 22
741 458 7 33
742 388 7 25
743 303 6 33
744 148 2 22
745 164 7 32
746 288 1 20
747 293 11 33
748 262 4 35
749 377 2 27
750 303 2 20
751 170 6 25
752 412 11 21
753 123 6 20
754 481 13 34
755 106 5 32
756 222 7 30
757 109 7 25
758 245 5 31
759 28 7 32
760 299 12 25
761 195 9 32
762 485 9 22
763 69 10 26
764 251 1 28
765 417 5 27
766 414 9 29
767 304 9 27
768 422 5 30
769 237 8 26
770 239 1 34
771 391 10 28
772 426 13 28
773 466 6 20
774 105 2 28
775 305 12 23
776 322 12 25
777 247 9 21
778 109 2 21
779 45 7 29
780 126 13 31
781 398 7 25
782 181 3 34
783 373 6 30
784 123 7 20
785 16 1 25
786 378 4 31
787 77 8 25
788 142 10 32
789 222 10 20
790 266 3 23
791 313 2 29
792 470 9 22
793 47 7 27
794 235 7 30
795 97 7 35
796 155 1 26
797 462 12 23
798 499 3 28
799 454 7 20
800 210 3 33
801 421 12 27
802 205 5 32
803 9 8 27
804 316 10 20
805 47 5 31
806 488 6 35
807 330 13 30
808 279 2 33
809 56 7 34
810 206 12 32
811 115 4 31
812 407 12 30
813 467 6 20
814 306 9 34
815 403 9 30
816 292 3 33
817 431 13 25
818 465 13 22
819 269 11 30
820 421 1 35
821 356 12 22
822 49 4 25
823 162 13 33
824 47 8 29
825 391 4 23
826 405 6 23
827 203 1 27
828 57 5 26
829 168 2 35
830 124 1 34
831 152 5 24
832 260 5 30
833 48 10 23
834 273 3 26
835 424 11 21
836 102 4 35
837 21 12 31
838 478 9 32
839 59 11 22
840 74 4 34
841 129 5 29
842 184 7 24
843 484 4 23
844 71 4 23
845 72 11 20
846 403 9 31
847 124 5 30
848 245 10 28
849 35 13 27
850 479 12 35
851 338 7 25
852 410 12 24
853 200 9 34
854 457 5 31
855 126 8 20
856 136 10 23
857 54 11 29
858 166 10 22
859 121 10 22
860 223 8 32
861 121 13 29
862 288 11 24
863 31 6 27
864 63 5 33
865 243 8 31
866 227 3 24
867 81 2 25
868 298 9 26
869 109 12 30
870 468 1 23
871 297 10 22
872 127 10 31
873 314 7 20
874 188 3 24
875 489 7 20
876 354 2 21
877 371 5 28
878 238 8 26
879 248 8 22
880 469 11 35
881 237 12 35
882 463 8 33
883 324 5 23
884 165 10 35
885 129 5 32
886 194 13 22
887 348 5 28
888 286 3 25
889 69 2 22
890 190 4 25
891 185 13 35
892 13 3 32
893 27 10 29
894 10 3 21
895 459 13 30
896 242 2 32
897 499 6 33
898 301 13 23
899 218 6 25
900 409 10 27
901 214 10 29
902 240 4 27
903 150 6 33
904 118 12 30
905 191 11 21
906 22 9 29
907 19 11 25
908 61 13 26
909 292 2 34
910 299 3 28
911 81 3 24
912 463 10 30
913 404 1 34
914 43 10 24
915 199 5 33
916 26 2 20
917 467 6 22
918 77 3 29
919 231 13 31
920 96 11 31
921 192 13 35
922 35 3 23
923 196 3 23
924 154 2 35
925 169 12 34
926 19 4 28
927 381 12 25
928 245 4 22
929 220 4 22
930 171 5 32
931 292 13 30
932 172 9 20
933 382 1 34
934 362 8 27
935 130 4 22
936 391 1 22
937 280 12 27
938 300 1 22
939 222 7 34
940 47 13 29
941 489 10 28
942 474 1 25
943 209 1 25
944 194 3 21
945 225 5 33
946 41 11 31
947 43 4 24
948 189 7 30
949 190 7 23
950 461 7 23
951 212 2 31
952 410 4 30
953 207 7 33
954 416 13 20
955 403 11 35
956 130 4 31
957 400 7 31
958 16 1 22
959 162 5 22
960 25 7 30
961 245 5 32
962 85 3 27
963 3 3 30
964 266 10 22
965 94 2 28
966 57 1 32
967 178 13 27
968 155 4 34
969 458 13 31
970 67 5 34
971 119 12 24
972 495 12 34
973 379 3 26
974 281 3 20
975 422 11 33
976 497 5 24
977 145 10 21
978 147 4 22
979 232 4 30
980 94 2 28
981 364 2 12
