1985
569
1649
2165
2094
601
1438
504
1628
987
1638
2166
488
586
514
1963
350
1232
2152
648
1995
1009
1683
445
665
1373
1344
1738
1428
75
307
430
1930
1113
1352
620
1095
2100
434
1045
-1
430
688
1995
450
813
617
641
1113
1315
2161
1785
-1
1719
400
60
342
2070
1432
813
1645
789
1113
1989
2070
1725
1668
1433
1719
1732
1994
1512
1042
782
2070
-1
646
-1
1345
1241
688
352
1294
-1
1192
2094
1719
1314
774
311
2136
-1
567
1664
1432
440
-1
1584
1807
1378
992
400
1720
543
387
1664
446
488
450
1350
567
1996
569
402
1664
2068
460
1999
1626
814
2044
2068
1984
1721
387
1999
60
1072
1131
1345
1662
2041
1922
659
1319
1469
1997
305
1941
1578
1319
658
658
450
1113
1228
1974
372
463
1002
1466
1088
1327
-1
1459
1325
823
64
1113
298
1719
471
1999
2070
1439
1477
1314
1553
2167
2068
782
298
1059
92
1401
613
444
789
451
2068
543
488
1014
1088
678
1438
2178
648
2115
1621
1649
432
1628
1469
68
1662
1015
1466
782
511
444
1544
2136
298
518
688
2070
2021
92
1471
466
771
659
1922
1738
659
1531
814
-1
2100
1522
466
601
1578
1337
1991
536
1314
1213
328
658
1239
-1
1325
1518
95
1056
64
1116
767
1626
813
1345
1313
1088
1989
1974
1941
701
743
1319
771
1026
1088
662
1149
1209
1315
366
1659
-1
1703
1160
543
774
543
450
2102
2135
1315
1433
74
1455
-1
74
2068
515
771
1038
1363
2068
-1
1039
496
23
2094
1569
2041
2044
1142
1042
1232
823
443
1116
1113
1200
-1
646
2178
1025
31
1438
1183
1732
402
1464
790
74
92
1469
2094
451
329
434
1162
62
993
352
463
1584
-1
1415
1209
1211
1106
800
1039
996
822
658
84
1626
1659
767
1315
2000
460
1635
305
1804
2071
1422
814
1200
318
84
496
-1
1957
1397
1970
1367
-1
92
1222
1467
31
1072
1738
-1
342
1626
2000
1456
1702
2167
1039
1738
2021
748
460
1994
660
1469
-1
1738
1695
410
56
1438
684
743
818
624
1192
710
466
1146
768
728
2075
526
980
1487
1345
-1
1789
1167
413
1363
2102
2055
56
454
496
1141
74
1070
1192
488
2131
84
1025
56
1572
823
322
1319
1046
486
1936
1167
-1
486
1725
366
394
430
1059
1358
648
1974
84
2147
2147
400
662
1222
1232
-1
1467
1337
59
2054
660
93
1635
536
1013
1050
-1
1679
-1
390
2002
63
1031
1721
1072
1789
1553
1189
1807
1162
361
1319
1793
1717
-1
617
1142
1008
650
394
1584
399
1048
2163
1518
1167
64
2009
399
444
729
746
-1
728
2056
2147
376
1048
451
659
68
430
618
1717
-1
1026
410
677
1785
1797
2151
328
1439
735
1101
774
1142
789
1031
392
735
827
1013
1492
1468
1984
703
402
1456
1708
1477
399
468
2130
1628
512
1046
1706
379
822
1455
1294
1032
-1
586
624
399
646
466
-1
556
1645
432
1374
2166
1540
1733
512
650
2075
1540
1388
1238
70
701
746
1974
1984
1046
1149
1713
1039
526
827
298
64
1059
746
1921
1944
2107
418
1522
1732
1567
1088
1659
-1
2138
599
68
1126
822
379
2058
992
1957
823
1997
1731
432
1498
1439
496
569
342
406
1456
493
1804
1974
1622
1466
660
451
1072
1619
2016
1974
1804
-1
-1
1921
2000
2127
-1
1350
1470
1112
321
774
400
439
1793
2000
1464
395
1071
395
648
1039
-1
617
1149
709
1239
1157
556
1325
493
804
23
1937
306
569
418
2065
408
812
1516
1031
1470
1545
1088
1164
1989
1367
2016
790
-1
728
599
1397
1171
392
418
1162
1367
439
439
1294
2009
2100
1996
1999
1209
1470
25
1046
62
1994
395
735
60
378
395
1703
659
1578
2136
1990
430
819
814
1469
1315
1296
1200
460
2108
-1
1071
-1
1294
-1
659
1719
70
715
2076
721
1046
67
418
1456
728
1086
2021
2166
701
1141
1467
361
746
1932
1059
2070
1989
729
1649
1131
1622
1449
476
1732
701
2114
1200
1039
1296
1738
1106
800
376
342
1808
1470
797
1319
1487
586
709
2068
1622
1738
1719
1183
1572
335
1492
1553
463
1492
814
1417
659
1042
1131
1974
771
1926
1464
422
1954
1306
1031
2114
1563
311
1712
1713
806
298
624
321
1720
703
328
306
1451
774
987
2009
710
454
790
1363
1645
1035
2146
1449
774
1294
1334
643
1363
813
800
444
430
444
1464
68
659
1989
1239
372
1229
406
1992
987
624
2100
1363
790
1720
1180
1649
624
1101
729
566
767
1974
1157
1226
1525
701
-1
1334
2070
-1
1375
1738
1451
586
1013
715
2021
790
1035
663
1794
1522
366
556
294
2151
1375
2050
1071
1526
1578
1152
1337
434
1449
735
1690
1015
1136
1667
444
1397
1471
533
1031
1659
1002
1464
1629
2065
1725
493
806
2147
77
1794
326
1733
1553
400
599
1522
817
1478
512
2035
1394
2135
1120
658
1628
1046
2075
1183
1659
45
1963
59
376
1963
1957
1984
391
1785
1449
1997
466
1394
466
-1
1319
1157
2147
599
579
1522
2107
728
662
2065
1238
1629
410
1025
1487
1164
30
335
1008
1668
93
1199
620
1449
1455
1941
1518
372
1319
402
1645
1732
1308
493
504
1327
1002
68
95
1433
1199
1433
488
406
395
1999
1157
1248
1572
1471
1438
1367
1050
1180
1325
335
1417
-1
658
-1
556
511
1578
67
735
1306
1936
1113
1738
2145
1645
743
450
1325
771
1014
659
438
688
658
823
-1
2138
2054
1415
2105
1941
2002
2009
780
1621
1957
1213
31
1706
1545
1984
1992
454
1381
318
463
-1
1397
1455
659
814
1072
62
1088
2165
1113
1482
-1
767
1035
1733
352
1553
1367
1086
1388
1794
86
1378
1248
352
-1
-1
400
567
1679
1331
1327
56
2065
-1
378
1015
1974
-1
-1
378
361
646
1314
2100
1695
463
658
1733
1738
1932
1112
418
1469
395
1794
1569
1635
387
1492
1990
1544
1125
677
1995
1635
1703
-1
1989
-1
1713
1345
1492
1147
-1
1662
701
1995
328
1367
1407
1327
2132
1575
1029
1331
1423
602
-1
752
461
44
784
1423
21
754
69
1113
1334
1395
737
1458
1650
62
659
2007
1199
1464
1050
714
1525
1470
68
618
715
342
371
77
812
1192
1113
439
1470
439
-1
720
395
1941
1381
315
444
1397
463
1464
74
376
2000
-1
1025
1657
93
2136
606
2170
570
1449
1397
1325
535
1213
470
2070
450
1789
512
817
486
800
659
813
1337
1649
1468
1695
630
1126
1438
392
1243
2056
616
1398
2166
1679
1327
1200
1433
2094
1963
1363
1086
58
298
1471
2035
2082
800
1973
1048
1222
471
463
-1
1038
1954
1222
432
376
70
1713
84
2035
1046
1465
1113
1035
1465
1695
74
1649
1248
1071
798
511
1465
1381
798
618
493
822
993
92
827
1662
328
1966
1116
70
352
1038
1791
1703
394
1031
1952
86
59
556
407
657
410
2130
661
468
329
1035
1513
-1
1695
1407
535
418
1056
579
1229
410
646
70
372
1531
1008
1232
23
1721
1628
819
1482
1808
1738
1394
379
1350
1662
1327
2097
1345
2178
-1
2068
658
1738
68
2000
1149
2167
1381
1294
735
1926
728
610
1621
1793
2114
1553
1991
432
-1
755
1063
304
2094
434
1996
624
-1
1112
2094
579
-1
1451
1415
1957
491
1672
395
1142
390
1468
678
1358
1659
1456
728
1367
390
439
1984
543
1048
814
-1
743
1663
1664
1031
1072
503
432
1713
84
1086
1343
1957
311
2127
1732
1569
1522
432
2170
84
1378
1455
1515
823
1784
1664
2108
1994
1793
1800
1407
2039
1635
1417
593
2127
1922
1578
1958
1193
1031
1470
774
1498
391
1512
1580
1341
1563
1994
2081
82
1131
1097
1306
658
646
466
1378
1439
1222
1031
1031
1738
1298
1645
1026
1014
463
1999
1306
-1
454
806
-1
601
1229
1345
1482
1649
2035
1199
2083
1433
1222
818
1363
1531
1350
294
385
2111
816
733
1126
1229
1578
1621
2162
2050
-1
1937
1407
1468
1794
1478
1488
646
-1
710
-1
1213
677
1438
1200
684
2108
556
1112
1721
613
1316
774
1199
818
511
1732
1936
806
328
743
-1
410
1713
387
539
1350
63
1709
1113
1239
439
1327
1067
710
1477
819
93
70
2063
1531
1478
1427
1629
1944
743
2178
1358
710
487
659
1039
2040
651
1420
1985
715
1056
2131
1518
643
1529
-1
771
1657
620
1316
1002
1632
684
1521
1314
1566
2070
491
2002
1315
31
2067
818
1662
1455
1112
1150
1482
471
1209
1056
816
662
44
1363
1455
511
396
304
701
641
511
1162
366
1432
2094
1048
814
1695
70
451
1540
1171
657
2082
1569
95
1157
1374
31
486
1455
1941
1166
1189
-1
1649
1014
461
1026
-1
1415
329
688
413
2075
784
354
1296
1222
702
1095
-1
2100
96
1668
1101
1327
1513
1486
318
990
1717
1681
64
1784
1149
1228
630
1147
662
624
451
2083
2040
579
1427
798
1488
1563
1225
1984
810
443
1621
599
1213
1388
657
378
823
511
1717
1455
399
543
391
2107
1785
406
1180
96
2040
1569
1026
2054
567
432
335
1675
802
1032
392
-1
586
349
503
1388
1668
2054
1976
1297
1031
2082
1013
418
1920
1131
526
1242
1439
1467
2093
1101
1171
2102
1720
1439
617
1710
1097
1522
1467
1784
1925
-1
1487
1631
1628
816
493
444
1164
1042
2136
1125
1371
1375
816
1619
395
352
84
1963
1695
1337
432
1920
307
1162
1026
395
1008
503
1621
1649
533
1451
1209
290
1176
2169
539
1006
2016
1958
1625
1358
2000
1116
1346
2063
1465
684
1346
1002
1067
1930
2021
307
1522
426
96
1149
1791
643
993
1578
-1
1074
1072
1974
586
342
1662
1232
44
535
304
379
394
1314
1081
-1
1629
426
782
392
817
556
466
1525
1031
1721
514
2082
518
1985
451
1415
2040
618
643
1059
539
800
660
817
1482
651
1521
2137
2166
1469
1002
1922
556
1985
1039
1053
1456
1422
1367
1039
406
771
399
743
2094
1989
599
617
1200
291
1961
1315
816
624
1578
-1
1631
1629
432
1086
643
1048
-1
1528
731
641
1578
-1
1984
1681
1451
1439
1553
533
662
1732
1531
1946
2021
1133
1367
648
394
1213
399
743
387
701
1683
1072
1325
1720
59
599
644
618
1133
1807
570
2107
1663
1026
93
418
2165
1048
1031
328
1116
318
1629
2170
322
822
-1
511
67
2131
618
2151
2054
746
1302
1031
2054
685
1021
533
1027
543
1322
980
601
44
2056
45
2065
1026
1319
1423
23
710
1441
-1
1023
337
2055
828
2117
1455
2144
1789
1316
1521
1730
438
1189
1936
2070
1512
531
1136
1023
321
1358
493
372
599
1513
1101
1164
64
1232
1378
1731
1482
2114
1455
328
688
1507
-1
1668
689
354
335
556
1553
1531
1937
539
2019
1038
335
2135
767
2075
1325
1539
710
980
1921
511
1995
-1
1454
406
418
2170
2121
798
1471
1540
1167
1482
535
514
2007
1990
2166
655
2166
1056
1529
608
1496
359
341
2108
95
613
2007
552
1504
1202
1383
1927
1243
-1
361
1248
1241
1668
1171
2121
784
1108
2111
-1
1737
1248
657
2170
684
1972
289
1086
1201
702
2097
1484
722
1027
821
1672
2002
646
-1
378
1789
1106
543
-1
1422
1970
643
710
1672
1239
1094
1804
1639
460
506
1116
1015
339
410
1506
518
1549
1213
2169
23
2054
1059
1209
1672
1545
767
413
1125
2166
1367
2135
1644
578
2170
2138
1056
2002
335
1394
2002
-1
1702
2016
450
1807
1649
1622
1059
328
504
2140
1211
1517
643
535
2009
1569
2009
476
1540
418
2044
1721
-1
307
1194
1990
1088
1650
1927
1478
1974
1941
806
496
613
31
662
1784
2107
432
-1
318
1350
-1
612
2056
1638
-1
1808
1732
488
1471
311
406
806
743
980
1789
1698
533
-1
504
1026
677
1539
789
1056
298
2169
1015
1112
1467
86
2130
2114
1381
2056
290
601
1200
503
1467
1683
1160
390
1014
1027
2035
605
823
987
1710
92
710
1531
1106
496
1106
2083
781
1466
1621
504
304
1515
378
804
413
556
1027
1120
376
1327
512
1375
708
528
1955
1358
535
396
722
775
1985
1958
2178
1467
1467
293
1794
1791
586
703
294
1367
298
771
1125
410
1441
1539
-1
1381
1668
1516
1422
463
1046
514
1021
1946
1518
2108
566
2032
660
1804
1477
1957
798
2016
710
617
1540
1985
1629
2137
806
496
1038
1487
67
328
1486
806
1439
567
819
1997
729
2065
1415
1209
1232
601
1048
1553
1101
1125
2040
2102
1229
984
597
493
1061
563
1531
1417
782
476
1733
418
422
650
1717
1344
1621
2039
392
1161
1559
736
804
481
428
343
782
1540
1199
601
1467
2040
556
2082
819
1999
1106
2127
491
1226
2169
2035
677
1721
1622
567
-1
1677
1708
2046
1008
1171
533
630
352
1790
472
2030
1346
1680
1153
1325
1926
1679
1492
1631
1713
1401
290
2171
2165
2123
617
1006
1625
1516
2079
1306
305
361
1645
1301
56
2105
1188
790
1578
-1
587
1791
1973
379
655
630
477
1225
774
466
1211
1016
23
729
1665
1515
1232
1178
1152
1189
1383
1966
1161
748
1569
1095
1148
396
1078
767
1039
1378
1088
1072
1401
1177
822
2159
1578
1952
495
392
2049
1921
784
1142
2166
2165
1186
328
1926
1417
1529
1933
354
1956
1438
714
827
390
1183
1193
776
1358
2009
768
-1
542
1451
1091
1715
2108
1963
1540
1635
800
533
1477
2147
534
1800
2039
1189
343
306
2068
1560
1575
-1
1146
1584
1135
1381
977
2141
1091
1698
1688
1572
1363
1009
328
761
703
1351
1925
29
606
450
2097
355
352
790
2075
992
1808
775
1086
657
1101
735
1455
1810
2135
82
1703
1655
987
1406
1161
1979
569
2135
1921
1631
307
1578
-1
413
454
1932
2065
1401
2104
1695
1388
2175
1180
752
457
987
790
579
1800
2166
1344
343
90
1785
557
1133
1056
2130
798
544
2130
518
552
426
1526
1158
-1
1316
1713
2026
410
346
1021
1199
366
1229
1628
1056
1648
1523
728
1433
1584
771
361
1361
1200
2149
613
1243
408
1129
1535
472
1944
2140
2121
2099
438
769
301
626
587
1525
1168
2071
1327
1695
1958
1521
454
1294
1382
1943
1172
21
1483
291
1785
1581
414
1133
74
578
1957
2104
533
2082
1297
-1
2097
406
1512
392
1528
434
1924
23
562
2149
627
-1
1672
1161
396
646
1214
-1
1643
1213
1112
1154
1661
1677
1965
608
658
1056
613
1781
1415
1543
657
1146
1702
816
1539
390
1216
980
2112
2165
402
701
1638
1581
784
643
82
1483
1062
827
1796
413
1239
2131
305
2110
2015
822
347
330
1336
1968
304
586
1650
1336
1804
1192
-1
797
293
1720
2094
677
343
1008
1921
1431
1922
643
1957
1299
731
-1
440
1922
526
1950
1506
622
410
1294
486
1709
410
1675
610
793
771
-1
2032
723
23
579
378
1146
-1
1662
1407
1303
1415
2009
1639
774
703
555
812
408
2041
2138
1578
1492
650
1131
1629
1631
490
1733
1006
1396
536
428
2171
342
1518
2030
-1
1346
643
-1
1427
-1
2063
622
472
342
451
2140
812
1422
829
1928
710
533
2044
2148
313
1296
500
2130
1713
780
1718
1668
1709
60
1793
1302
401
676
-1
2038
320
44
-1
630
451
2059
992
1162
1173
2149
1522
509
1375
1974
1785
1154
2063
1031
1415
-1
84
659
1014
361
662
829
453
-1
663
-1
1706
1955
519
2102
806
582
1477
1138
31
1971
1175
-1
701
423
673
1415
1801
1735
2056
1189
543
1394
2038
1578
1921
1537
1228
1228
721
-1
480
1578
1189
1933
1038
1116
813
1785
1397
1793
1398
1504
1157
1138
-1
342
1381
2114
1011
743
1553
95
587
379
2094
570
58
57
2131
2083
67
1039
-1
2030
427
1241
601
2030
1008
1414
506
1955
390
650
1131
631
1713
1160
70
815
2175
599
1551
1225
1298
2126
709
782
50
617
1417
392
368
1073
321
1812
1942
782
1058
639
731
1394
1422
1351
306
491
1161
1622
64
383
1482
2035
1056
1141
798
618
1441
356
70
372
2044
318
2000
1078
1169
328
349
1717
57
1173
1015
1958
1620
1496
1928
1965
750
2070
627
784
342
1383
709
2124
827
819
1401
1632
339
2108
1807
1213
569
471
1449
1985
990
2083
2119
352
1164
2152
1671
1807
401
341
750
319
2112
1535
1309
1521
1350
1478
1996
2071
988
2159
70
318
1080
1672
-1
2054
-1
618
992
1315
1414
2040
1011
74
1482
1226
812
1236
1126
1183
1201
451
627
1465
2102
2099
560
1229
706
2014
1072
1431
-1
993
990
2074
1027
1476
1007
1409
1194
617
491
774
391
689
769
1578
1445
57
1492
1717
1629
1345
2065
2054
1331
1226
2056
385
1439
1680
-1
608
413
1635
2149
2040
304
1468
728
812
1449
1186
1731
595
42
1963
515
1784
1438
1417
645
1072
1248
533
-1
1664
1921
2075
1732
-1
806
-1
743
2118
662
644
643
613
321
1418
741
2143
1039
1345
2162
1162
460
2108
386
1474
684
1159
1732
1239
1097
1106
774
1194
1531
-1
-1
752
1525
1794
1933
630
1584
329
2097
1708
1731
1584
1032
1812
561
84
1375
1933
1511
767
1059
1222
31
1310
630
731
2149
341
-1
1242
1294
1439
1706
1196
440
1113
563
2061
1664
1664
1449
1319
1153
655
305
1014
567
978
673
993
1638
1804
454
2135
1804
1970
817
396
471
1981
2119
1991
1796
1091
504
1378
1037
1645
1516
1243
1807
434
-1
1475
1712
1672
1059
434
1646
797
301
579
1106
1963
677
2110
1189
-1
1210
1063
992
702
326
1294
1492
535
1381
616
534
45
2014
1170
471
1131
563
1404
2167
1926
776
1470
1228
1544
1959
76
702
1242
1488
2131
739
1946
1504
468
1784
2076
2013
1228
1352
582
617
1358
1090
1153
1016
1677
2069
1936
1782
2107
57
2007
1439
1549
-1
723
349
1299
1294
624
709
315
1487
432
1973
1126
339
339
1038
1936
677
1294
1373
31
1380
1370
650
1713
1296
58
2094
1131
1228
1958
400
990
661
1553
1063
1633
423
1297
2118
1396
2170
1570
306
556
307
1710
824
2110
1350
1006
1487
768
1539
451
1108
291
594
827
1438
1056
768
1218
1034
1992
1210
593
2121
1183
1995
1634
1394
1015
90
1339
721
1727
2058
1506
1218
1209
601
438
671
313
747
-1
1479
784
689
1926
406
620
406
659
1717
1130
618
1677
1710
1962
563
1294
1649
552
457
998
650
621
543
1108
980
1248
982
1793
2114
2151
1237
743
1192
1544
2171
1629
96
1945
1811
701
1513
391
1024
1226
1112
1680
2148
1367
1045
620
1920
1958
674
1932
675
311
341
1242
1518
544
296
1709
321
519
2146
2063
1162
1211
1629
1733
1018
2122
1395
1941
342
775
1578
512
1229
645
1787
1094
1346
782
689
1233
1071
1331
761
2111
1417
1410
534
1015
1578
1189
418
2141
762
1793
1631
533
811
1213
1378
1053
691
1532
1089
-1
1346
1211
1984
1014
1569
692
620
1071
715
438
1027
1955
1520
1112
379
1008
2065
327
1203
2039
1487
1078
70
2009
1804
582
616
1649
1035
2127
2143
440
84
1720
394
-1
768
1536
67
1046
1989
646
1314
2178
1407
478
1021
311
1667
1717
980
1989
1013
566
2102
710
1625
2002
1060
743
-1
347
1228
504
2108
647
1218
2093
1314
1395
1120
486
21
1721
1372
657
305
1350
2118
1720
1145
1649
2070
56
1518
86
451
1106
86
58
1544
304
829
1149
2075
487
728
1957
1135
1374
1559
1332
1800
432
1517
1407
618
1478
1385
-1
996
392
1932
1945
342
368
1316
504
1199
1232
2111
2169
2024
1732
1646
1035
1967
1031
372
1183
422
1947
-1
1791
1624
366
703
1662
335
1449
1407
357
1373
413
2083
-1
1560
1997
409
2092
1529
1383
1550
1468
1144
1063
511
1149
2059
1048
1032
1238
1441
308
563
599
386
1009
1313
1564
1153
1672
77
390
306
2032
677
1092
-1
2055
1661
586
402
806
1209
2119
646
-1
413
84
1936
829
1702
696
1933
2055
1966
2097
622
1388
-1
59
1094
829
1230
2094
1395
1350
1572
1992
1467
1222
552
1149
1141
2141
392
2055
641
1584
93
1200
63
508
308
1086
27
824
346
-1
398
998
1025
987
1812
1431
2114
1315
1315
294
579
1397
1661
-1
2118
587
-1
1160
305
567
1058
680
1164
1180
1944
567
1638
1992
438
1438
1021
1451
539
657
1363
2055
1035
2035
322
2000
1381
1789
460
1469
92
798
1732
1695
790
1134
1581
1468
1668
1506
1124
506
1789
784
1621
311
1470
514
326
781
1717
2014
2094
1132
1664
1518
2097
818
1106
662
1072
1548
1065
1721
504
1559
2114
1016
678
-1
1625
696
1095
1708
2035
1649
1695
827
1516
1031
1487
1997
1221
702
624
1804
1417
720
1056
493
63
1235
1294
812
1584
1116
1136
818
1160
1936
2114
1584
1059
1629
1474
399
1232
2127
95
2040
1995
715
1016
1039
59
457
1093
439
1720
1683
1415
1417
-1
1487
1322
1038
684
1101
352
-1
1492
1090
1638
1487
771
1482
465
1059
818
1086
434
531
602
394
984
1921
23
1091
674
1971
1679
1388
1439
1130
1984
1397
648
1690
650
1327
1378
60
308
1963
1721
2147
1031
1232
1176
1192
1314
789
1313
2063
352
1566
1635
1487
1500
2166
493
515
526
1549
67
2138
1131
512
512
812
1180
782
1465
1539
2065
829
677
390
1992
819
1506
789
1638
1113
817
804
438
1002
1662
1142
468
1955
767
1072
305
798
798
390
59
780
1194
535
1415
1118
1451
1545
-1
57
2116
1375
2107
395
430
658
-1
439
2118
2094
467
1628
1381
2114
1985
804
1539
1120
1345
823
661
1622
993
1996
1248
58
1539
1407
1522
1793
471
70
1789
774
2165
417
793
1650
1997
1067
1422
637
761
482
1963
1146
2151
1153
2041
1134
2140
1622
447
981
1239
50
466
376
812
2092
84
728
2127
429
1335
356
784
68
661
797
385
1671
1978
761
365
2096
1635
1013
376
1409
2121
302
49
653
2119
1322
602
739
1731
1087
1520
1520
1199
2016
1157
346
1650
1671
1160
1719
800
1222
1184
1095
1708
406
2053
2069
1239
1679
806
2058
1808
496
1232
1214
574
2137
750
1038
486
1177
1381
1168
1553
593
1671
1006
-1
1327
1569
339
294
1142
1226
1136
1229
1104
1341
1165
1396
1521
2082
1735
399
408
1446
1160
715
556
427
549
2049
418
-1
2135
1709
1705
1366
1180
343
1626
762
1578
1665
1439
728
2118
414
2054
302
1619
1089
1543
438
1131
1319
335
1952
1703
642
1143
339
697
1081
1397
1928
606
1351
1791
1939
2040
1531
1363
1120
1492
486
688
371
536
1486
1629
1455
1016
1477
1101
315
1550
1183
1721
1226
1575
2035
702
1068
2054
311
293
2102
596
1373
1351
305
313
1325
1013
789
-1
303
2170
1007
995
729
761
25
1135
1145
42
2131
1126
302
593
-1
1941
1092
1933
315
1094
1336
2015
1727
342
1054
297
662
1031
1414
539
478
689
27
709
2110
1524
317
1555
313
347
495
82
1008
2149
2113
1148
822
-1
315
535
1522
-1
996
1142
2051
1555
1095
1706
399
307
1002
1327
1790
455
806
755
1009
2083
621
682
698
531
1014
1243
2081
313
2163
1500
992
2175
1970
39
1031
810
579
1543
509
1672
1222
1203
-1
299
2076
605
1071
327
1422
1387
-1
443
1995
315
1162
1151
1171
459
565
509
1244
1225
624
1327
1062
984
1184
1801
564
1622
-1
1711
1668
990
721
581
1134
1168
744
1016
1398
698
639
982
1446
1643
1427
582
77
1918
-1
-1
1541
1637
1298
1206
1246
1698
626
1164
1358
489
1474
774
70
549
361
313
1672
1810
1476
317
1104
733
813
622
2093
495
76
1054
45
626
774
2106
-1
2041
1130
996
1503
434
1238
-1
1675
-1
485
701
1938
660
1536
1216
1094
1135
663
1222
1120
552
1920
1345
1812
396
1958
1086
1503
637
709
1125
44
1225
1641
2097
2178
650
1101
1166
375
577
739
616
1181
650
1297
1672
1033
-1
1396
1123
812
396
1095
1096
341
463
651
44
1339
1398
417
-1
1962
1646
551
1688
1530
987
2007
1634
1526
399
1526
1162
347
825
1226
44
1675
1008
1563
1067
1559
289
1009
1017
1443
701
1343
770
2049
1048
305
1146
395
1172
1641
2042
1697
1439
788
747
398
315
1245
468
32
1814
1934
1191
428
1334
1381
1364
1314
2038
1398
2159
626
44
1992
643
-1
1108
1803
767
39
1398
721
1337
1314
1559
76
1525
1415
1547
1649
804
587
1212
1701
1804
789
458
1521
2110
1526
1647
519
1476
1649
1310
1528
2143
1474
771
1125
1524
1477
1737
483
1339
1504
726
1808
1580
1793
535
1964
2054
1443
1351
626
1702
1933
489
1228
1449
771
476
806
1396
1444
2010
1955
978
1547
390
329
526
2040
95
669
663
1152
1686
821
1009
1684
349
83
355
1582
1000
594
1710
1655
1946
468
692
514
720
1346
500
728
2039
1422
2030
751
2131
-1
571
798
1451
1918
318
2069
1943
343
1675
545
1537
386
1003
551
1143
25
1123
1360
1132
1500
1529
407
356
1007
1534
511
1632
-1
687
1811
2058
1634
1543
352
2069
1063
364
1157
753
775
600
813
626
49
518
388
1966
420
-1
291
651
1241
1306
791
689
1192
417
994
2116
726
1937
715
1060
506
1156
536
1372
768
1026
770
682
408
1309
375
1634
1183
470
783
532
491
29
785
602
1297
1482
1244
1013
1571
613
1058
2100
1088
481
1140
2021
1063
1232
790
1330
514
2154
341
828
1094
1812
1353
2103
818
822
328
1152
335
1525
500
1350
1233
624
1974
2112
1014
1479
1924
1511
-1
2159
1513
1474
352
1559
1521
788
569
1621
1664
1313
2100
2097
828
519
401
988
1132
1013
1115
70
1639
1141
1010
1032
392
1449
1664
-1
2030
39
2130
825
1374
652
1621
1488
801
1000
1564
385
645
733
1217
2019
83
-1
612
1026
2071
1048
406
791
1580
1294
1060
1018
2009
988
-1
1582
2159
-1
2166
2049
1053
1622
1521
1355
1145
498
2106
1561
810
1173
45
1127
519
434
2115
1135
1037
594
1109
661
1213
1804
2021
995
1127
24
1299
1120
2178
408
1812
1142
793
461
1021
493
661
-1
574
555
426
1483
2063
1167
306
1068
822
722
754
612
34
1992
1449
-1
1312
2035
45
1709
340
1178
1415
1670
59
2046
2002
1990
390
511
1782
2046
316
-1
1617
1112
1027
1063
748
1322
2082
399
1967
2010
1038
1054
1997
495
671
1810
-1
1952
327
548
1055
1164
413
582
762
729
330
304
-1
730
1230
748
526
2118
21
1160
1577
1946
2021
1162
1065
1151
2114
51
1118
1952
1665
1488
2134
465
980
1989
1031
1710
305
749
1037
1734
2119
2121
710
2058
426
771
1327
600
543
1194
993
1035
1730
355
1059
2071
2149
1374
1645
1150
1393
1994
680
1310
1096
753
-1
-1
1721
610
555
1572
776
407
739
1089
657
-1
2112
400
1212
698
1352
691
752
582
1725
1187
789
1556
95
355
328
425
298
518
741
532
2053
559
513
1415
2173
-1
1134
670
644
1369
636
434
560
1700
2103
2094
373
425
2095
747
291
1472
1152
556
2069
1181
2044
354
2081
720
1375
2116
810
395
1695
390
780
2034
1544
821
1120
792
636
1667
2051
990
1718
1955
1632
1299
1116
1380
1812
-1
77
438
1662
1547
1140
565
570
1089
822
1011
688
1373
1094
785
753
1974
1339
2063
818
25
1034
2061
1208
2083
49
401
678
64
1155
76
1581
2117
1567
367
610
2101
1008
1708
613
406
336
1146
-1
1579
697
375
1082
689
1949
1707
468
1380
1142
514
543
1985
1178
549
1035
1244
508
1248
1628
1985
67
327
757
82
321
1049
372
631
990
1037
1225
315
518
-1
2009
294
1168
1302
638
586
1126
2007
1005
819
818
1989
1708
1172
1336
1339
1543
1394
307
697
1628
2077
714
1976
2025
2030
731
2102
735
802
1529
544
359
1944
418
334
1787
733
2168
1533
488
1990
1363
394
2099
977
1517
1418
1353
1243
1134
2068
438
1209
1129
426
1710
2093
1301
818
611
2082
650
1360
2131
1374
1798
1335
1025
546
555
609
1801
1106
1682
1800
1104
1972
-1
1725
1482
620
2177
1222
394
1181
391
1063
1619
2130
487
2014
1082
1441
385
342
1171
518
2170
298
2159
1789
1217
458
35
1677
655
2157
1079
548
555
1387
1414
1248
1305
1506
77
1141
596
1334
1481
452
1678
370
-1
1099
1725
1471
1186
587
1192
1649
1709
413
96
1925
1954
744
1808
1522
817
1200
2030
325
422
780
2021
1056
2048
741
1231
1045
753
1029
64
798
1370
1188
777
1423
1374
1099
1420
1475
1231
731
1081
1492
-1
1034
1041
559
1328
416
51
2009
1994
2071
616
1414
1101
1159
498
315
1480
2059
1685
1994
567
570
1483
1550
1516
1794
1550
1193
1581
1423
1168
2146
1498
477
1090
1672
77
1210
599
1952
1979
2159
555
1482
1561
1376
1003
79
1471
68
89
2068
2070
977
1684
602
1048
1966
2083
1952
506
2051
2119
1476
1444
-1
2121
1479
701
1656
1136
1664
402
1370
476
58
612
1009
1464
-1
2114
613
1002
565
1992
1966
-1
1236
2074
1936
1733
1659
612
350
1036
326
1782
1679
-1
408
1738
1516
454
1941
378
1228
774
755
1337
1014
1133
2140
1521
709
769
580
1126
2014
420
1188
1378
1222
-1
1714
1486
1238
1504
293
1374
1239
1319
21
1161
354
318
2040
56
1241
74
1638
646
1006
90
39
453
1624
90
407
1192
2135
1705
2071
49
751
94
1363
1097
617
514
322
1108
806
2130
2102
1438
1168
299
747
1056
1794
674
643
1358
802
1112
438
1031
1375
-1
1439
-1
580
1189
1794
1936
1222
2165
1983
2140
1584
350
1415
1550
731
536
736
1811
2035
720
-1
438
2136
512
1203
1670
983
992
1709
455
1472
63
2058
1496
296
2159
1984
1541
1048
518
1553
555
1342
1572
1572
2103
675
1955
-1
295
1346
2045
612
1678
1622
1976
1388
1781
1229
678
59
1668
751
1584
481
-1
783
1322
343
2118
1374
599
715
1560
1781
1482
1469
430
343
1372
1492
1971
1181
1680
1335
556
95
408
1222
2146
329
2032
1035
1145
1936
1194
1727
1479
1662
1789
493
802
702
298
1700
491
651
304
579
-1
461
1360
1159
1445
305
504
1966
1125
1046
296
1177
1638
28
504
1967
1058
356
1512
1475
-1
723
1466
418
613
526
1016
728
1120
1721
1531
1120
455
789
496
2108
69
-1
2095
1313
624
1472
322
1021
1733
418
1226
1738
1406
481
-1
688
514
2058
2108
2138
508
461
402
2009
1039
1407
1120
561
1512
1662
2140
2127
533
1409
782
-1
298
2178
1178
57
1957
1721
438
1482
1349
822
1464
1441
410
1455
1092
1447
806
1383
1345
90
472
1104
526
329
1314
539
535
1466
1023
1046
706
1934
2028
289
67
1327
1394
-1
1681
1957
1732
361
1710
2043
2131
1174
1705
1407
1577
471
1989
489
59
613
518
650
1631
1131
392
790
1160
1621
2166
1038
1506
1350
1185
1149
1792
1154
1057
1685
1978
64
613
63
1216
1732
1135
790
-1
1132
330
313
1331
-1
59
2131
-1
1695
703
806
406
1978
1703
804
1464
600
342
315
754
1371
608
1808
93
2015
2071
1031
1667
1000
1531
294
481
58
438
458
752
432
804
2002
2123
-1
767
1478
-1
624
2137
1350
514
36
2030
1211
1465
2013
1309
1216
313
715
1046
-1
828
2002
1213
1213
1487
-1
2063
1358
794
1540
1164
1982
1438
1952
776
1808
293
1395
825
754
536
1071
96
310
1345
1478
1737
992
2137
1802
1103
1241
775
2034
651
1927
1920
2055
1213
556
348
1167
1992
293
1301
318
1162
32
711
-1
1190
1449
486
418
2000
1026
467
1972
1203
1388
-1
515
1476
2009
512
304
559
1727
1089
812
305
35
511
1120
1058
586
677
59
1520
740
622
1338
2044
1414
655
1721
650
1176
1380
1181
394
-1
601
2007
1021
383
526
1369
329
1200
2094
710
2002
2141
661
2019
45
704
341
586
2135
64
1449
1476
2099
358
1802
2055
1118
1029
1008
308
-1
566
682
-1
1225
1178
1024
1710
387
2102
439
1531
23
1483
703
418
304
1239
1582
1446
1498
1312
780
-1
1179
2065
2082
1126
512
1659
2032
1715
1337
827
1398
2147
1164
1522
1516
1181
1177
68
620
526
2147
1532
2046
774
709
565
2140
1322
1438
1709
1963
39
742
2028
371
-1
1144
616
1468
2063
1314
1659
728
491
721
781
45
1072
1549
1035
1976
783
1177
2049
1662
1086
1080
987
1131
1248
1393
1124
740
1796
1174
678
1971
491
295
1232
419
777
781
1920
1214
-1
1017
422
1681
509
-1
2009
2061
451
1709
1720
1628
2063
720
1695
555
1702
1441
1144
1353
1569
1071
726
1497
407
1101
1545
1478
391
645
1537
96
-1
2016
2146
666
821
750
596
643
1974
1388
1037
1676
-1
1674
1469
2069
1142
1923
310
1503
59
1978
-1
1160
356
1667
2141
1455
-1
751
467
1800
2111
2147
737
1799
2063
434
2158
361
2174
2170
408
2111
1945
698
754
1094
753
1385
627
1807
366
1393
1372
512
1174
1781
486
-1
1093
503
2145
418
1635
1017
823
1140
1973
513
1548
1054
77
1449
1733
569
1957
730
489
548
1052
661
-1
1314
-1
784
-1
747
1541
1954
-1
466
402
1732
829
-1
1018
1312
2156
1116
542
-1
291
774
993
-1
743
1109
-1
2171
1305
1374
559
1626
422
1167
1655
546
1621
611
1142
1349
781
1511
1648
1545
1533
1635
1165
2159
669
31
1216
-1
619
332
1942
1143
465
1335
603
1209
1090
79
1222
1564
427
683
1098
491
1100
303
1923
1235
618
31
1936
1394
1569
1382
1099
311
1169
1568
339
1635
817
518
1496
1474
992
91
1095
700
-1
89
1492
1131
1092
319
1367
744
2045
1392
43
1621
2166
824
566
2010
1026
1375
1087
1677
1439
1306
1936
415
1053
1697
1648
1674
342
1921
1540
1789
336
352
1392
1721
1236
26
2059
1385
1409
-1
1005
1044
90
620
322
480
1984
-1
1953
1414
625
2135
352
1347
1800
1370
-1
987
1522
699
45
373
1670
639
1672
780
1566
2022
1555
-1
2175
-1
820
1666
1013
1638
416
1019
394
1516
810
1346
2174
1409
1229
1323
342
1700
1144
1159
1407
1237
479
578
1388
410
-1
388
334
1619
420
605
1342
1685
1443
1131
84
730
701
1943
2146
709
2061
548
1799
1363
1535
355
1712
1417
1378
1062
490
2126
339
392
1792
1673
1171
791
1468
987
1497
992
1306
1681
1709
1023
1360
2178
1108
1490
1202
567
2135
1022
28
1685
329
2097
2118
2159
735
2082
355
420
1151
1369
1034
1214
1719
740
977
547
1674
481
1578
652
388
2069
1350
2148
1659
792
2006
1566
1545
2054
687
-1
1802
986
780
1698
777
572
1520
483
574
-1
430
1068
669
1089
1340
1328
459
299
-1
791
1349
995
301
1500
305
1328
828
1072
-1
784
310
1141
2170
2014
496
1106
1783
330
979
399
1132
2074
824
540
1553
454
2061
1032
-1
1559
1945
666
1157
1029
1951
643
2102
677
1639
1650
707
2021
27
1098
32
1314
2112
1637
1471
-1
638
1553
774
1936
-1
1125
1947
820
1365
1476
2107
1919
1524
1792
350
775
1974
1192
1209
299
22
567
1809
2061
2022
1036
2101
644
1313
1658
1658
-1
493
662
1927
637
1922
-1
1812
1390
2075
1294
361
1070
1950
1372
1323
1502
1154
2112
671
486
1008
483
582
329
-1
1100
1954
1814
416
1954
779
459
1793
775
-1
1803
345
401
1518
2054
1036
1038
1222
1622
742
1713
1513
566
1393
1726
41
1030
1168
320
1194
1336
1145
-1
2165
1404
1963
53
678
776
336
685
1475
1151
1414
794
701
1410
1209
1357
983
1216
453
325
992
688
2122
303
2027
1155
1316
1624
485
508
1932
1498
1517
655
1309
768
1643
458
1802
1370
476
473
1556
684
345
1062
1932
1661
1207
1102
2006
1370
652
1072
1058
1218
986
559
1675
1170
1210
987
1697
1692
685
327
708
732
540
1363
301
655
578
1561
709
1583
1492
601
2002
1341
609
1632
1938
1038
462
571
1937
-1
706
989
2015
31
1322
1189
1353
1348
1924
725
1373
567
1199
22
1438
992
-1
1949
1467
1071
666
669
2060
2078
94
1111
1406
1703
2010
1072
2044
1374
1645
1991
1158
1537
421
48
2018
1217
456
720
603
311
1511
520
1178
1072
1520
995
595
1376
628
2029
770
1186
474
602
1090
1004
1242
1388
1341
1216
1067
508
372
1660
-1
1072
1091
698
1476
1248
1058
808
483
1926
709
2029
1050
1183
1918
1661
338
1679
1072
82
1293
2051
692
423
1317
1934
1522
1350
1052
490
1418
1808
1781
1967
2071
1681
1016
91
817
1984
1183
1644
314
1193
1190
492
821
467
2033
1522
595
1943
1924
543
-1
-1
555
1641
1317
-1
1190
1548
1058
825
1487
1513
1464
-1
-1
357
32
606
802
1355
1422
1969
1314
577
1211
337
1922
1358
1355
1686
50
366
404
1487
771
769
1309
1707
493
1294
298
365
1002
1151
479
1377
1941
548
332
676
2008
1106
2068
1962
1232
614
1301
1248
348
688
663
2102
1045
2043
1579
1984
-1
1535
603
1473
360
1935
1624
1639
1304
1130
25
341
1948
631
1024
789
676
774
1212
1306
619
771
775
1225
676
470
750
-1
823
370
2118
498
734
1173
1497
704
695
1363
1017
1969
363
389
336
1510
1673
2120
-1
28
345
1240
1975
1553
1296
1958
1046
1488
703
465
385
635
1240
1480
1476
1681
1545
1584
555
754
520
1242
730
1513
598
1233
1507
817
-1
1544
1541
630
820
1973
646
1108
1022
1929
1302
1511
322
529
2008
43
320
767
1081
1782
1293
1681
1545
1321
371
372
83
56
1172
1157
1205
1514
352
1322
1704
739
1650
2098
67
1524
2151
712
1655
639
485
1783
552
791
1155
1097
1410
701
31
1113
388
1726
1422
1088
1243
1002
623
692
2050
1525
779
1418
2057
1035
580
2018
1106
464
-1
-1
674
729
95
471
1212
541
1062
1923
2121
1294
1721
405
1573
595
363
675
1475
1354
567
1808
48
1620
601
1196
356
97
1977
1401
352
723
-1
2166
-1
392
1720
2033
1685
1660
79
657
1555
1355
1011
86
23
1381
597
1501
1362
978
-1
-1
1347
325
366
1103
508
729
84
806
1141
1524
2141
1345
1002
402
1678
478
796
1672
1212
828
1725
1624
1674
1147
-1
2102
-1
782
2112
990
1721
1639
1035
1385
500
490
1359
569
1695
1090
2175
1523
1721
1088
655
1381
608
767
1578
1396
985
1115
503
-1
373
1805
747
1491
2021
-1
1375
-1
363
2173
1384
1519
816
1966
1798
732
413
1977
466
1215
519
51
621
457
1007
1003
1016
1807
63
349
-1
1573
795
535
1465
1331
1659
1926
504
1617
1555
434
1466
2114
2146
599
2058
1789
1556
1100
1131
392
416
1379
808
1367
1154
1929
643
1922
-1
827
296
1142
1791
1727
392
1808
533
1372
2166
306
743
674
1556
2095
786
1637
1375
1147
1126
2138
1067
1657
321
1090
35
310
1176
1069
1680
1535
2138
1672
1009
1696
348
1990
823
806
2035
1372
-1
626
2071
2034
1476
599
709
2040
2104
613
345
2175
569
671
1032
1130
578
328
1629
543
2055
2149
2166
1166
746
360
1798
675
1174
1106
1569
1784
1470
1516
1522
320
800
1306
352
827
980
1921
566
2021
1711
989
1296
1306
1661
417
326
704
21
618
1563
802
421
578
2166
1160
90
2038
-1
790
2078
1803
-1
2040
1569
643
556
743
775
2038
471
2114
1211
1478
1021
1294
1346
426
1504
322
743
1136
1358
-1
1681
715
802
574
1965
1378
2024
322
1146
-1
1149
1236
1372
755
1417
77
1000
373
401
731
542
1106
1131
2127
1529
1378
1023
542
557
671
1378
2111
1521
1351
2132
-1
680
352
2100
653
361
643
2061
1129
335
1401
1812
458
1305
372
1449
1482
1339
1165
1388
2100
2021
-1
1306
1552
1970
1104
1789
1488
2022
737
721
767
1131
762
774
349
2040
1982
1688
352
1335
1477
2163
1173
1492
1659
30
2046
1681
1200
1575
2152
2082
662
96
2177
1735
703
801
83
1202
2050
1706
1958
993
1634
1225
76
1445
1133
84
1684
388
1781
67
1717
2151
747
2016
25
742
677
601
715
1092
1695
1784
1946
1621
2014
1445
677
-1
335
1200
1545
1974
2137
2133
600
990
1175
398
-1
1406
-1
2030
1108
1626
-1
2056
2094
298
1477
335
289
750
2030
1957
1936
-1
394
1540
491
1808
1679
720
1506
743
59
543
1504
1091
2165
671
1008
342
1571
439
1380
1350
1492
739
-1
-1
476
462
1648
2058
1045
2114
1712
1662
530
751
1248
-1
1794
58
1409
1738
1360
657
-1
2052
368
2076
2014
1316
1133
1962
1528
290
1686
1784
470
1192
23
2081
2166
298
806
2163
1038
415
1360
28
1202
2137
481
570
1801
776
996
423
2156
2111
810
1410
79
586
495
790
817
1132
1130
993
567
531
2044
1095
2163
1619
1008
980
1171
1509
813
342
684
-1
1101
715
539
1686
432
760
1216
567
-1
1189
769
1390
1037
1158
1523
794
1543
1199
1961
1148
305
439
1065
2119
752
347
2007
728
703
544
1418
408
1321
1342
1492
456
791
1785
298
1664
-1
1930
1941
1536
1783
443
989
1621
1136
1414
-1
1802
1372
2068
1646
793
427
-1
350
1136
1516
2048
1111
515
1655
1046
814
1228
1957
1152
-1
1427
587
1518
391
-1
2168
2020
1233
1482
1733
1518
302
357
356
1709
1338
555
1198
1920
471
996
1446
1941
990
57
1327
653
676
542
751
1941
1372
819
477
319
1150
401
2108
2074
1149
1496
2170
422
352
1208
2040
2046
371
522
610
535
2178
1108
1685
1942
1660
413
1198
1094
1150
1712
1342
588
488
-1
395
2148
420
662
1162
1718
1414
618
90
517
1082
2119
2014
2112
1097
-1
1658
1080
2074
326
1014
1014
1097
1640
1146
-1
548
1695
2166
1063
409
2008
1007
1061
824
1129
339
790
1501
1354
1956
630
1485
1699
769
1135
1634
503
1984
1638
678
1200
1018
493
595
-1
1325
400
392
328
2107
806
465
1133
1796
824
-1
1932
305
345
1476
1081
1564
1696
1074
1980
1808
1549
1144
1054
815
619
2078
409
1964
773
1796
51
581
993
326
1337
1621
-1
616
1534
1678
2080
351
2149
1667
2055
1655
1544
1109
2079
1967
1481
1954
652
1041
1541
768
1971
551
1033
1567
726
683
1961
299
1241
1116
735
353
729
797
645
615
1020
1665
36
343
1025
1189
2123
303
1403
790
1967
773
536
1209
985
1197
1132
797
411
1423
1394
471
2135
2035
2006
2103
1409
1677
986
2174
359
2143
1007
2013
462
1510
526
1717
677
1645
413
1814
354
2174
1980
741
78
1422
531
997
370
1655
1109
491
420
2126
1811
1445
519
1343
995
1082
-1
1056
1232
361
-1
1930
1700
542
1363
2147
1488
2163
533
1488
1957
1005
1417
1794
601
1976
313
1370
1498
1345
1504
600
1370
1991
620
1679
1294
1152
2082
1926
430
1518
2141
1162
2075
2147
297
1649
2016
1651
1067
-1
2016
2165
743
413
1797
771
2021
27
986
306
454
1958
1702
1142
674
735
1920
1659
1664
1070
2016
1981
806
1343
45
1921
56
673
1478
311
1248
1207
347
-1
402
328
1921
1388
1417
1144
1559
1978
-1
1106
1146
543
1015
1157
1540
1296
379
1659
-1
1662
661
1645
1136
1394
1702
60
380
2165
394
1380
569
715
646
591
427
1926
34
1337
343
2040
2093
1649
305
1088
-1
1794
622
991
293
2055
1703
1659
657
1378
305
1363
746
1189
486
767
1484
723
657
455
1707
430
817
1791
1486
784
339
486
557
827
1932
982
613
346
-1
306
1961
656
1624
1527
70
305
476
1646
728
992
620
1164
1922
2100
1991
368
471
372
1952
70
-1
980
1500
1332
582
-1
-1
1926
620
1713
1388
1702
2135
2054
704
1492
1790
1518
386
1322
556
1337
2147
993
761
768
1174
1518
688
95
1709
1218
1955
-1
318
1646
1417
616
684
1106
1385
1225
774
801
775
1957
533
359
1782
1164
-1
1572
1984
806
1708
2112
1810
2175
322
515
318
1526
623
504
586
767
1538
1655
646
-1
482
1404
1243
2073
2115
829
1976
1992
2054
50
1790
1056
1326
987
307
1579
675
1937
1478
1504
2177
1232
301
320
1441
1521
1566
1248
366
294
480
1532
979
2067
978
674
2147
27
2049
-1
1675
2123
1243
1011
1433
1172
827
1519
487
1684
1351
620
1005
692
2131
49
1967
1080
298
1024
577
1299
1199
1936
801
1339
1033
670
566
1326
1188
569
2044
1999
1945
1094
1334
1800
28
728
681
350
2137
1131
1671
1145
1710
1326
2075
1525
1222
768
514
657
820
794
1372
1445
1183
2076
2107
2104
2035
-1
1474
393
1225
1382
2041
784
542
1186
-1
366
798
1677
512
1046
293
1936
1622
543
1713
1135
454
1650
311
1545
1550
1136
1182
1795
2016
1672
1690
2130
1932
-1
624
25
1025
573
1703
-1
1695
606
1639
1176
1147
711
1354
-1
2102
1526
2167
1979
2134
2116
598
761
1581
1657
1315
1976
1497
1171
1200
2170
560
430
1153
567
2040
317
2034
495
757
492
533
1967
1055
411
1196
615
2008
744
1315
2136
1229
1569
493
1449
1390
1794
1046
-1
333
-1
543
660
2169
1082
1089
2054
1991
292
2078
1648
1791
1097
978
2093
748
1544
2040
465
1802
614
1088
1786
415
1149
456
2027
2166
1563
2102
2093
-1
1153
1417
1943
688
1548
544
528
1175
1580
427
1708
1737
1314
1002
1209
1582
2135
819
1159
1101
298
434
434
651
1465
1357
78
43
356
1569
1919
1725
1367
1624
539
1130
96
988
1134
1014
1695
462
1219
488
1644
409
1475
1087
1431
1953
1039
1727
1033
612
990
428
349
308
1381
789
1632
571
2166
657
76
-1
1081
1038
395
1526
1990
2070
1941
1581
1384
361
1351
2040
627
2040
2178
1367
-1
711
993
1477
2021
729
1406
472
-1
485
453
1703
1657
1634
1978
330
1971
1681
1208
1544
1660
561
2095
1055
1384
504
1790
1303
1420
-1
610
516
511
751
1081
1338
1942
1637
90
637
759
1203
1920
644
2030
1475
544
1027
1560
989
1150
564
572
2041
684
714
519
1496
1682
676
1006
1926
48
684
1548
1531
2008
823
1937
334
1966
729
95
361
1325
1638
1543
320
1451
361
1059
1731
624
1125
-1
712
1175
2134
29
1017
477
2121
612
-1
557
27
-1
320
1074
1625
1569
702
1970
1363
1196
2016
1683
1312
1684
42
1617
1184
797
1957
1733
305
735
1089
1683
1445
2110
-1
601
1039
1717
88
1189
1945
1582
1546
1092
461
534
1500
1298
646
2071
978
782
-1
517
302
1721
1164
2005
1584
304
1042
2068
1673
-1
1566
1135
680
2036
289
517
1012
1020
1991
1196
2079
1079
1956
358
1583
342
720
1123
36
1389
1695
767
1519
767
585
1667
418
515
1737
1717
-1
1118
1513
1092
1969
715
2105
1783
89
772
-1
1071
1344
1024
1656
2171
324
1395
1009
2158
-1
1068
1789
1057
1346
1095
404
2002
1069
1797
1045
1509
-1
472
635
1229
1068
2048
1486
1737
24
1969
339
1966
1806
685
-1
572
602
306
1926
1473
1551
1620
360
2160
1197
1647
626
1781
582
481
321
2152
1663
987
677
1956
996
663
311
2016
591
1928
291
1384
1167
1553
-1
1578
1163
808
2042
726
348
982
1167
1358
1041
2014
2042
1617
1475
1649
1737
730
1509
540
1783
1188
1577
618
515
2094
626
1006
1715
76
1370
1332
468
1143
2114
309
1480
1009
2168
394
2152
1932
468
2048
2056
1008
1393
2097
1000
498
1947
1721
1529
565
357
792
1061
1620
304
1321
720
745
752
2166
683
1073
1190
291
1579
315
616
1345
2079
1151
539
1549
1181
761
2109
474
1685
1680
411
815
1316
1407
606
1663
2149
1235
1384
470
1784
495
1511
1063
1633
675
1385
617
1959
1356
1238
30
661
464
776
1782
1782
1788
1006
796
-1
596
468
539
1003
1513
621
1701
791
771
721
1328
1366
1695
2107
1800
1668
2061
2058
1542
2109
-1
1210
1445
1955
1718
1241
322
1364
564
337
1975
2058
1657
1143
419
569
412
1655
317
346
466
1676
-1
1006
1484
1343
2045
1556
609
2166
1080
1472
2172
410
25
1066
1574
822
485
2019
1509
355
1226
1788
1525
1472
1401
724
76
1942
1244
1498
1926
1347
2094
2014
469
1210
797
587
1806
461
1965
581
1530
464
1210
1010
1923
656
520
982
696
646
546
1244
1068
2030
330
351
1803
1623
491
552
1162
1017
500
559
1224
1955
1368
74
2021
1346
1293
1671
1194
536
1147
1619
1621
314
1014
1340
296
639
1358
556
39
559
331
1787
1918
76
695
748
1805
750
656
618
1214
466
577
96
1193
1201
367
1129
704
1576
21
1721
1198
1715
1550
45
1095
506
-1
1956
354
77
2119
1707
1389
1925
376
-1
1144
588
743
1448
1552
1554
1232
1385
1349
1027
1444
714
2102
1107
1734
1717
48
728
1224
409
2092
2142
1078
2160
1228
1484
996
994
637
1316
1064
1203
1517
1791
591
1682
997
1207
1022
1391
1176
1168
1168
297
2148
344
747
1293
353
632
1090
1164
674
2081
341
1303
670
1396
389
1145
1726
2100
1581
1638
606
661
1927
624
1382
39
485
1628
699
1067
581
1364
1339
475
607
2099
1474
-1
1297
1157
794
1042
404
1548
1496
1412
1715
1072
702
518
2096
1146
733
1536
563
371
512
1505
1636
818
375
1387
307
1380
2033
991
1716
1382
2145
2173
1332
1784
1735
707
545
1509
1686
416
481
2080
611
1511
1243
1501
2113
1177
1483
1078
1967
2131
315
1493
333
564
636
556
1022
1691
2174
1011
715
1552
1946
2049
583
2080
318
696
1226
1945
996
750
1473
1135
1102
51
1095
627
703
83
1472
2172
1519
2019
816
325
1928
1950
651
782
2168
2158
1045
1979
1097
1514
1222
1002
740
476
1679
2097
1963
1215
1367
1052
292
-1
1237
1577
1152
1802
829
1717
312
1933
824
566
1341
2018
1563
2048
1063
1448
545
1940
565
1643
1791
1676
1800
1389
1167
1667
722
797
1559
1667
1806
586
1196
1480
995
2105
1670
1201
409
658
1701
1795
1322
1947
1668
2135
1569
2094
339
1358
358
1319
1979
1093
1560
685
1120
43
23
1688
327
1941
1446
530
1414
1788
533
1062
645
1812
581
817
2106
1126
724
2078
1082
1086
1647
786
1417
480
612
1193
1384
290
1551
333
552
1574
-1
1372
1550
982
630
573
1973
2127
354
1784
1382
39
1193
1563
355
290
2037
517
53
1928
1446
687
1474
650
508
748
2166
-1
1980
582
1970
2148
1480
1536
1386
1582
2050
1811
468
1370
737
479
26
644
1069
1387
319
1948
1136
1392
760
618
455
328
513
1485
1576
1513
1342
761
2076
767
567
300
367
1149
1785
2163
751
417
-1
638
516
-1
2049
673
1481
1978
1920
302
1057
735
1503
1712
365
2097
602
1239
2097
1664
296
1312
1926
730
1167
562
606
1340
2016
337
370
-1
1626
1649
586
1183
1480
495
344
1072
1102
2023
1358
1671
607
1930
651
1580
1201
1148
1242
1375
-1
639
1168
1667
1108
565
323
1665
-1
2028
386
1560
2077
1067
465
29
689
552
2106
677
341
1561
356
1235
1221
533
641
1218
1965
1648
1919
29
1387
-1
1626
1163
688
585
1975
1309
1626
22
305
459
732
1330
2060
994
508
1361
790
1302
1164
1351
1785
1088
1671
319
1198
-1
1727
1927
1161
1191
343
1346
2079
486
1200
1567
-1
51
2006
1327
456
1803
1391
2069
1666
1081
1690
1193
1219
1135
1573
1483
1936
1960
2170
1097
1106
481
1619
2099
1191
306
1027
673
775
680
1160
1548
555
992
776
581
1358
757
1486
1571
2056
1547
587
1229
1708
1087
1649
582
1955
1717
2014
-1
2044
1541
395
1657
679
2121
1003
358
675
1797
701
742
1033
759
1506
1651
473
1151
1970
1704
414
1938
1135
1395
750
1064
740
1129
1317
2117
427
-1
617
2176
1944
386
-1
1336
50
557
1129
456
1078
1520
2127
754
50
1738
587
-1
1084
2014
1218
541
1323
1578
398
1708
670
825
607
1718
1024
618
1209
1955
816
1791
1571
2077
1813
414
334
2126
-1
404
1800
-1
348
1516
1337
1022
-1
2074
2037
1207
1341
1544
2071
1248
1930
2134
1676
-1
506
485
2092
517
661
2015
748
582
1961
1928
2049
793
1295
2078
1667
1036
514
1738
1127
468
2159
328
1066
1086
96
1197
1496
1205
977
658
1737
1691
1164
2152
1379
693
1786
1634
1540
-1
675
328
379
1072
2149
1567
1302
1248
816
2083
1168
1008
1067
1677
1484
355
1929
516
2111
1136
680
1071
1661
373
1497
1541
1446
2119
306
1225
410
-1
700
824
707
812
1978
289
-1
534
1415
1982
1371
1365
1622
320
292
335
2069
401
2162
991
1067
1004
1542
1936
706
768
1930
78
2131
292
2159
2100
652
1039
721
331
355
580
408
986
744
1556
598
1444
572
2063
1304
1483
516
2169
1352
39
294
-1
722
1663
1422
563
1683
1807
1302
1107
2120
1227
1636
1536
1708
1918
1545
1145
1247
2097
1584
1216
1161
571
1023
1559
580
600
1231
578
790
689
805
1072
1801
708
365
1788
315
1509
480
1206
1405
1953
2016
1788
2117
1353
1328
1140
1015
1784
1690
757
331
1484
2007
1000
392
1041
1735
1794
496
1330
715
1181
1213
2052
1097
305
1105
1050
1230
1714
1519
1137
1498
1191
996
2007
1139
708
1500
740
1090
1655
1505
1198
1015
1971
-1
658
478
1220
1520
1563
2097
-1
371
491
1529
990
1786
-1
635
1206
708
1161
1550
1061
413
307
290
721
339
1955
76
1000
1633
1382
1137
1115
1171
1216
1017
67
1578
2123
339
1147
-1
-1
453
1153
748
1996
450
1952
2094
1565
1631
1313
471
1982
1173
556
438
1524
788
1237
736
396
1926
680
323
1922
563
504
1529
308
1979
620
1210
1698
466
1226
1656
347
1023
1143
1235
-1
-1
334
1355
1305
601
603
44
598
1094
2100
1656
467
-1
741
23
1925
1342
2135
345
39
1996
327
1644
2096
726
378
597
1153
1944
2053
1445
1330
619
1067
-1
1004
1493
2060
1539
1938
628
2028
1020
1523
2037
1202
367
1393
1021
339
1561
2045
1331
405
784
1568
2157
1938
715
1946
2163
1086
1717
2006
761
-1
563
1782
644
482
1789
2056
1649
-1
1947
1445
299
1580
2160
1082
1519
2110
360
686
1151
748
779
44
2109
991
1125
982
498
543
341
1635
2046
655
624
1793
1625
427
1033
1977
-1
404
1443
1488
674
459
566
289
2119
1328
1235
2008
1446
1073
2043
1241
587
1056
2063
602
1934
1074
-1
712
1699
1362
1668
307
306
509
2173
530
539
32
516
-1
1027
1334
712
456
766
1492
1351
2043
1478
569
1151
699
297
2025
1682
1958
1812
1349
1130
641
742
1682
1176
1346
89
983
1296
1520
1929
2027
610
1790
342
2017
1353
1244
1542
1192
2135
686
734
1246
1093
93
348
1341
312
1488
1981
772
559
1338
385
2068
773
1444
1535
2053
305
793
1159
-1
1201
1974
1789
1159
1732
1243
1188
783
727
1105
603
580
1567
2145
686
2141
25
2118
-1
426
1683
990
1356
1999
551
1446
2146
1474
1014
1100
1197
2158
1059
794
1432
1315
2032
1518
1002
1717
333
1925
1306
1008
621
1021
414
1042
488
1671
376
2104
582
1634
745
1044
314
42
1023
355
687
1063
1525
-1
1578
2152
1423
306
1130
1633
1709
746
982
1211
1713
1528
354
2105
1146
1333
1559
352
651
1971
95
-1
1542
1136
1229
1962
304
1032
-1
1198
1147
522
1791
733
663
370
583
1240
400
2096
395
2034
1785
1702
699
1516
2092
2109
1977
1941
1139
337
774
1719
1543
1545
571
1921
1808
1999
1932
345
544
604
1968
815
1198
327
1187
1357
724
632
1375
1567
1924
1949
2035
1314
613
1958
1223
1646
1086
1200
-1
607
1930
1471
810
1327
99
1690
1989
1991
64
-1
1543
1136
2048
1958
1989
1313
298
1484
1146
1412
1151
426
1327
336
90
1677
1210
1643
1652
1546
695
1923
370
1956
1405
313
685
565
1782
816
1336
1000
430
2075
1704
1940
41
34
474
57
25
1804
97
775
1403
578
2078
2143
467
1955
2123
2029
1332
1376
1073
24
1800
1102
744
301
465
1491
369
388
2007
825
780
1538
1189
1633
451
645
1340
2116
2017
1326
520
1166
1087
2051
1422
1005
1958
1082
1566
1135
1549
737
1959
303
294
2107
333
1008
1091
1529
1125
1477
1089
298
-1
1466
2130
1373
1931
94
298
487
1648
96
44
610
1695
1671
1456
2096
564
328
1483
1108
1667
1078
68
1464
1218
1503
1384
1057
1366
-1
-1
308
1010
978
1367
1352
1471
688
2136
60
1363
642
640
1548
1805
508
519
62
2146
1309
2115
1711
2045
1062
588
1697
979
1467
2131
322
1034
1141
761
1072
1036
1698
34
-1
-1
290
2177
722
1948
1004
1506
2097
2063
1363
566
641
2083
1178
1518
1510
1423
1496
1702
1957
1952
797
569
1296
1095
-1
987
1735
1230
1003
1169
1554
643
1930
1953
1813
1573
792
304
1295
1486
703
2168
1418
-1
1984
493
990
1208
2095
1638
-1
1470
394
1933
812
70
1171
518
1140
1438
291
1415
1161
1535
1351
1692
982
560
752
986
333
-1
-1
768
1936
593
1025
-1
2118
1074
1218
2058
1228
644
1316
560
1374
2039
1034
1966
1575
1973
1209
1201
737
1976
1193
800
369
1234
1035
2048
1042
786
1685
549
1527
1147
1149
1524
1021
2152
1418
306
1335
2131
356
1341
1802
1560
1199
2019
2111
330
1529
1484
2093
1003
1484
682
712
1312
1247
1683
-1
563
1455
1423
410
335
1314
1432
1662
376
1042
1466
1397
586
1958
2114
2063
784
992
2159
96
1194
1584
-1
1157
1363
62
476
659
1553
1626
2145
2105
1046
451
-1
2058
823
1789
1955
321
423
675
616
485
1177
1217
1573
1783
2121
1415
336
295
2147
-1
1239
988
451
1224
1522
2106
-1
583
1491
1791
481
1142
714
1116
1560
318
365
2163
1302
1813
1164
1999
1781
1163
1921
342
49
801
428
1983
624
56
1124
1229
1946
542
1366
1965
2051
2104
2039
1403
1715
349
669
1960
1236
2029
457
1174
30
1191
1064
686
1083
1174
1790
421
513
1510
1202
299
423
1937
1546
808
68
759
1193
1535
508
1410
1577
508
2013
1555
1371
1304
1716
345
1517
2033
997
737
492
-1
1329
362
1644
1971
1362
1317
1346
314
614
1308
2077
2037
1476
350
1297
1210
2101
2118
693
1517
1393
704
1000
579
2026
1943
998
1629
490
2026
994
1364
1577
570
1530
365
1704
1172
1245
299
1954
299
23
739
2135
1568
-1
1373
2146
2024
370
534
704
1656
562
2027
1238
2073
324
1127
1172
353
740
91
2109
1800
1052
50
2018
1710
30
375
2112
1960
666
681
2051
1341
1235
1666
1066
-1
373
1249
2106
1564
565
-1
2147
2134
1396
455
801
1181
1038
483
1328
1058
1803
1111
1798
1445
783
711
574
1801
500
1420
1036
1810
1153
2096
51
594
-1
1127
1656
1237
1512
318
1230
369
1954
32
637
350
1973
711
424
331
1103
1132
596
1412
-1
1129
1571
1660
301
2104
1468
666
720
1517
708
1153
1727
730
362
2110
2081
1573
1969
1712
1788
783
1474
2023
1198
1475
1523
324
2177
1929
1157
1496
1644
-1
1696
411
1706
2123
791
343
593
627
1644
389
2049
1069
1956
1666
1479
1208
36
2147
530
1937
490
2109
1170
1360
91
1232
1571
1570
2168
741
2051
357
2095
1956
1555
631
1111
779
1939
295
2099
1927
1684
455
534
2122
628
998
1401
723
1801
330
1491
1967
781
1174
1332
1202
1547
1652
619
330
1117
547
1018
2022
573
1207
1385
1081
1360
1238
1103
1575
1394
1490
801
1215
2130
1304
546
1234
2159
2026
1648
1656
824
1718
1359
2104
1092
2024
79
604
336
1127
-1
49
563
731
383
580
667
1736
540
674
-1
1305
1336
760
1535
778
653
1393
1927
2081
26
2162
1066
541
1361
598
1123
2011
1477
1583
697
465
26
1127
1973
389
353
679
1115
48
357
1081
453
1366
1555
551
1316
2017
1570
762
1024
1959
2098
1813
1496
1431
1804
678
1376
2134
704
1677
344
732
1202
624
1420
1361
2008
1718
356
786
602
1306
1216
1302
1115
1788
2134
1066
1118
1799
361
1644
739
532
1011
1954
2034
1019
1692
1727
1645
741
-1
508
824
983
334
693
39
789
2172
790
1064
346
1971
1517
331
767
528
1537
1369
636
691
350
2034
1245
801
1810
1935
1684
2073
1391
1654
610
1700
2045
695
697
2013
1214
1171
1935
2013
483
578
1158
1304
1412
725
1977
1212
2157
781
989
2099
1361
2053
1090
2008
1204
340
423
683
1555
653
509
2121
1953
712
1151
317
326
1198
23
1924
508
1186
1628
615
1508
1727
655
1554
404
2142
2074
96
1091
2097
26
1212
599
2158
1195
1981
-1
995
637
671
2101
-1
2172
1699
707
547
393
1032
1018
986
1412
45
427
369
1348
594
1103
1017
465
1578
1634
1348
1384
1810
801
1705
805
1781
1943
773
595
1376
1388
773
1034
2025
1948
1207
730
1360
680
1514
407
1057
1389
1933
1423
2126
1012
1973
363
1140
1724
1132
1177
78
2074
2057
1143
1098
1356
1166
1814
362
1184
2060
1024
1549
1965
498
1533
1664
408
91
1970
-1
979
761
1177
1705
1188
1231
1148
1305
979
308
679
23
674
1924
621
2052
1075
1368
1717
1208
639
766
-1
636
1808
1959
1080
2042
1061
2031
775
555
1507
1972
734
710
2074
1097
2156
1511
415
2101
577
-1
1794
1670
1528
2048
1127
346
1412
412
783
1386
631
32
2143
603
1634
299
2060
1338
781
723
1523
1375
1174
2038
490
986
-1
791
2124
1393
2101
1397
1140
1098
1297
2060
1178
612
519
1030
1548
1223
1697
1931
-1
1062
1070
1692
421
1055
545
360
1632
1240
724
-1
1787
1940
1528
2049
1038
1135
1071
1718
1979
1562
418
1366
1934
615
388
754
1973
1321
1305
678
1935
2121
1091
1475
2048
1209
1025
320
1349
1814
1787
585
2092
820
783
-1
1809
1181
1965
430
1660
1680
704
1797
1650
54
994
1225
1503
314
977
1515
316
1184
1123
-1
747
1670
1123
-1
1361
593
1355
1049
1138
305
1165
1448
41
1654
533
57
1709
2118
2029
625
1566
984
1084
2095
1321
1702
1103
423
2059
2101
1533
2015
1124
754
2103
604
-1
1239
1186
378
393
320
2121
1488
1982
1160
2114
1393
1186
1055
709
686
297
810
791
743
1055
725
1181
581
1704
693
1673
693
1178
824
411
2172
1696
2110
681
2037
1190
543
1096
2095
-1
1038
1975
619
1784
1636
1317
1727
754
362
522
1104
508
1027
1092
1950
1479
1718
2078
24
519
2154
1446
462
1786
408
775
1248
35
1734
1061
-1
-1
302
350
415
467
1249
1045
681
1785
1971
1059
1734
689
1931
2012
1368
1120
1921
1137
469
1019
2092
985
2147
779
1978
1574
389
1342
415
1298
57
1517
598
1561
745
1800
1924
386
1931
1940
409
2047
1810
692
612
348
1500
619
2076
82
1067
485
1235
415
593
314
513
1387
-1
2043
819
2174
2051
1790
-1
1930
1238
1406
323
2092
1697
695
1677
1134
1681
1717
1238
1684
1418
1172
1146
1361
808
741
358
2031
1295
1948
420
1196
1203
1100
1473
1982
1981
597
1352
782
513
1537
1782
1927
1395
1727
1487
1146
1106
569
1667
-1
825
737
425
-1
2122
2038
1101
1166
77
1632
471
1956
1547
302
1982
989
373
1564
21
-1
2044
320
656
-1
-1
1314
295
1364
1960
1039
1140
781
1496
1644
727
2148
655
328
532
346
1409
1247
983
1633
599
1014
1737
1242
2178
318
771
1703
1662
53
362
79
2057
1515
1990
402
1999
439
514
2078
755
1575
2178
2112
1209
2016
710
42
1991
1941
663
1153
1956
1188
1981
410
1677
2110
2013
2079
399
1926
1056
56
1478
519
1224
601
770
681
498
1181
388
627
1158
1398
1037
671
825
580
1371
612
1341
487
343
2035
2081
1166
1063
531
-1
731
717
735
499
1334
1015
1005
500
1294
1345
1995
1804
737
2014
1095
347
361
1296
2108
487
2058
355
508
2010
2010
601
-1
1017
1676
2015
363
39
413
1737
661
1496
1125
470
1963
1222
774
1378
1371
2100
1789
1312
471
1374
2118
2169
1094
1038
1303
1936
2099
684
1375
349
410
1808
496
379
1376
1133
1540
606
1337
1337
630
1002
1319
1629
1296
2097
1021
311
1646
1183
1153
2032
438
454
1471
533
806
394
1296
318
1325
1194
1153
1681
503
1634
1088
617
2019
1503
1307
1492
78
1978
2166
1303
2122
1789
1201
1664
2061
1173
440
1011
2071
307
1346
1648
438
812
1631
1189
299
1791
418
-1
743
1484
1116
1498
1065
-1
1733
2106
1210
1409
2044
76
1306
1228
373
470
2146
602
43
2081
2145
1345
2165
586
1997
661
-1
755
1560
1639
1134
1959
1131
518
1002
1520
721
1202
472
352
2061
1015
1142
771
487
1032
335
805
643
608
417
1178
1951
1171
1464
1101
1793
1974
1465
410
1132
2094
769
599
1029
-1
1157
987
1394
1180
621
1960
443
1801
749
43
1644
813
1325
1080
1136
692
781
1230
1528
2024
1475
754
1198
1301
1712
1199
468
1395
1718
1344
683
675
1963
375
1806
30
1007
1533
1306
493
825
2032
1523
997
791
1943
2010
1139
2096
639
306
1503
1045
566
1570
733
1363
2093
1732
1239
1517
1492
1555
735
1414
301
1330
-1
2162
420
1800
82
1376
1016
1398
1684
478
483
798
1406
88
2060
1670
1218
1677
1016
775
1577
1249
721
1027
404
51
1957
483
1303
691
308
508
-1
1155
593
306
1057
680
1655
2026
709
1709
2055
1968
754
1726
315
987
1974
1245
1375
684
454
1470
1222
1695
-1
980
2053
1239
1188
1089
1961
743
1024
368
2163
2169
775
388
1369
1334
595
2056
2102
1939
630
1071
349
1223
1005
330
2148
1084
299
1938
601
471
-1
754
1555
562
1519
1949
605
1058
1431
1680
1981
1168
2111
426
-1
2034
1575
1423
2175
390
1298
96
2119
745
1316
739
777
70
824
989
311
1647
572
1561
1481
2135
1008
629
678
1183
1782
439
96
2178
95
1174
1310
1963
29
64
1031
1963
2013
539
76
500
1176
1537
514
418
2127
1556
1094
1954
1577
-1
321
-1
2013
1062
353
1933
1029
2096
1153
1970
574
1925
1786
2110
1313
1059
1509
1931
717
2157
1650
1533
1471
370
635
35
1210
2074
1393
1482
1781
1538
555
1209
2038
628
1230
1313
621
1683
1177
1575
621
1714
1659
-1
2027
509
2145
648
1443
2177
715
394
1433
2017
1370
736
721
378
1136
84
560
1213
560
677
1989
2110
1781
1644
465
1176
378
723
631
1620
1705
810
711
1475
519
748
617
515
373
518
515
2177
1738
28
394
352
1504
746
1531
2083
2178
428
608
63
1420
739
49
1475
-1
1985
732
1696
762
299
1667
2076
1964
514
1145
2104
1677
735
2177
386
481
1494
1063
1555
1538
599
1533
813
452
428
621
1545
578
600
1202
36
311
1343
1352
419
1144
312
1101
683
752
1937
1327
50
68
2075
989
1521
1067
678
1175
1962
89
754
1812
358
1112
655
388
1984
536
1339
630
1483
1958
1922
353
461
2025
1447
723
1786
526
363
1086
27
2025
1692
1382
1781
1355
1340
1010
1979
1348
-1
2017
745
2098
1803
-1
1038
2058
1502
580
1735
1357
1310
1303
1676
-1
341
2080
1181
1117
658
1781
1054
1368
1673
1636
605
1186
1802
97
653
1196
757
1683
1165
1795
572
1472
686
422
1134
411
496
-1
744
1018
495
1139
1197
1341
683
1476
600
2052
-1
2095
761
1219
1204
1799
1444
742
1795
2143
1937
417
1195
1939
616
1022
1494
1304
-1
1323
573
-1
1054
598
368
1800
637
1717
473
2092
53
821
1491
97
1551
1478
1922
1658
57
577
295
1111
1094
1174
471
1509
1005
1310
1527
1660
593
1200
1141
532
321
1080
89
319
399
453
1325
396
39
1295
1173
1547
1394
35
1382
41
-1
1054
1622
1533
1168
530
-1
1438
399
1081
623
368
1514
1644
396
1553
-1
1968
1786
1680
1333
370
734
1732
383
1795
406
801
1953
796
1958
1566
1012
1145
1492
2152
1075
491
802
2042
1222
357
-1
1164
990
1427
715
2127
418
1087
2038
692
1170
2033
391
2044
1717
2112
993
1111
-1
1959
1021
1240
1138
728
304
428
1341
483
417
812
683
1218
1401
82
1580
1010
1021
1566
801
643
1216
1222
1231
473
815
1330
549
459
1193
536
1189
2014
1080
453
805
1382
388
1364
86
1570
669
353
660
2097
1536
1951
369
1619
1124
1784
454
599
1337
1423
2154
2009
815
1209
637
1517
391
577
1942
1634
768
1686
1330
1308
2027
434
-1
476
1034
299
1248
-1
2057
2152
631
1211
1369
1229
1209
691
1704
2020
1356
1788
438
1167
1657
1138
1066
1939
1431
1730
1347
661
1054
992
1568
1501
1984
1681
1684
582
615
619
2116
2099
508
2117
1422
681
660
1572
1397
778
1919
362
556
1295
394
1054
656
1932
583
299
1396
1506
604
1962
1671
1922
632
568
313
2152
1355
-1
1328
-1
1482
720
2041
492
1208
1449
1929
1195
1141
1249
1385
1125
1418
1398
2170
2098
1801
2044
785
1232
1074
361
1518
608
2146
477
399
593
1141
2025
469
581
1187
94
1387
721
812
1017
2080
2162
1438
1571
749
2097
1362
478
616
1679
304
777
334
-1
1739
1441
2099
1063
-1
76
389
1523
728
1799
367
84
1189
1700
1352
1340
2177
477
1921
30
1664
56
1039
1544
1481
1178
621
1735
1188
1565
2146
1150
2118
1545
1941
1100
1700
2065
2057
2047
2075
1203
1535
480
54
393
1684
2030
1159
415
2114
352
1156
1024
1095
817
2101
378
1139
1664
1070
1484
1099
829
788
1806
-1
660
36
2010
1701
545
1214
567
2034
428
390
1666
459
396
467
2009
1372
2175
1992
492
1322
1997
817
725
466
2132
1924
743
508
1248
566
1810
637
1634
727
1065
1702
1960
1646
-1
309
1071
1117
1199
690
2149
-1
1446
1584
1068
1389
-1
1520
1547
83
757
1378
1410
1788
-1
1706
1203
1676
609
528
1676
362
1294
1156
1175
317
1029
29
1205
1934
1365
532
1389
1244
2057
1932
1676
1212
1814
828
1089
2099
1183
621
720
368
1209
1124
573
485
1008
394
985
1800
1962
-1
564
2096
356
455
1562
31
1637
302
1949
-1
1938
572
1703
661
1036
586
741
673
1069
1423
1514
1701
334
815
490
753
1475
1655
2113
740
327
1164
2060
605
1965
472
1393
309
478
1477
1018
93
1472
1964
2162
744
1943
1979
1326
331
1634
516
1676
794
683
995
489
2168
1190
1133
1685
2104
1449
2060
341
2126
1661
535
329
468
363
1505
426
421
1247
789
475
1507
1580
1107
326
1355
460
1173
1929
1082
-1
1734
1037
1477
1111
1148
1223
829
1985
746
363
1183
1805
1500
1925
1401
1246
534
1958
2118
2053
734
677
1444
1727
2061
2016
1217
383
1194
1811
740
312
490
1500
779
579
564
597
817
1075
27
1087
1212
1644
1962
785
84
2134
1231
1676
419
1963
2154
2069
476
578
1069
683
2102
-1
1477
1249
1130
522
986
360
1548
1088
1037
1543
383
1528
1632
2079
1684
412
325
1047
2122
2034
1190
1240
978
495
1504
669
1711
1958
1301
764
1644
652
1623
1332
785
1409
1950
1220
532
740
1403
2133
409
2059
1212
1481
78
583
478
1709
1497
1620
79
-1
351
1410
-1
84
549
337
1447
1300
820
2165
301
-1
627
1388
485
305
1338
-1
1721
625
1352
1109
1073
532
27
2162
1215
326
464
820
1635
1087
1354
1067
1637
1721
1472
1447
981
1632
1805
983
1248
551
609
292
1507
1233
2126
1337
656
1206
1246
1524
1102
473
1221
979
486
1795
1794
27
1567
1787
1698
1319
555
1785
1494
1355
632
1093
2011
1231
1376
1295
1106
328
1362
1235
1068
1206
1155
2169
415
1347
1387
2131
1796
2152
1183
1794
1814
385
1814
1168
704
1295
296
1196
1617
1044
-1
1562
734
1372
766
2081
596
1720
1373
1368
1551
1206
-1
1806
2076
2154
572
532
-1
1010
657
1443
1187
1140
1934
1783
1362
594
808
1105
577
2053
28
1209
757
366
2011
1118
1661
1239
1530
1617
1493
1480
1414
1410
39
981
1497
1938
1524
43
572
492
388
398
1234
24
712
1673
1010
2114
1107
1198
1443
997
1781
393
1647
536
568
2149
1353
89
1726
1726
1073
2078
740
1714
419
1648
1210
1016
698
1313
27
1232
398
1928
-1
1342
1787
1011
1563
2079
1658
1926
1174
1069
1667
1922
1955
1304
608
391
1326
697
1534
414
1500
1813
720
762
1238
1336
1326
-1
792
594
89
2117
406
1227
1357
329
1146
1685
544
517
1150
70
1509
1511
1737
1465
600
360
567
300
-1
2172
775
427
1191
324
2168
1662
56
1061
1582
810
1309
421
1240
2133
1094
1012
992
1239
990
1084
1532
363
652
312
499
-1
67
1680
1117
2060
1561
1329
486
1135
1326
1105
1244
1949
58
-1
678
2058
1029
30
1022
689
364
503
1919
1041
1790
-1
1959
1302
1080
-1
1439
1244
35
1667
-1
1800
2123
2154
1037
2017
1366
-1
1175
1439
1500
1204
678
533
1357
1652
-1
335
1068
1071
1116
747
982
316
744
1936
2110
806
457
1109
1175
307
585
2059
1387
1046
1092
289
2016
1549
2157
1490
-1
779
562
346
982
579
35
746
-1
733
596
96
1554
1100
1699
722
986
-1
1083
1695
2115
1796
979
711
310
310
779
1524
1004
366
545
500
1231
1934
99
1312
1165
1938
1010
-1
467
757
-1
1084
2079
1648
1003
1422
1062
1378
1536
2024
1979
2010
1037
1473
1046
1329
1168
1236
1162
365
1295
2147
1323
405
1355
1724
983
1297
1562
611
1045
669
1527
310
-1
1959
2058
2008
26
-1
740
581
2059
1511
764
555
1220
1353
1543
-1
379
1784
1177
1686
414
1227
1075
707
522
561
1503
310
1673
1365
978
-1
1045
1551
1938
89
767
1206
88
2043
564
2113
490
1086
1233
2118
1942
1309
1964
1808
1655
650
747
1533
409
-1
1186
1509
67
1655
1305
301
1348
565
1072
1164
1701
1807
1303
757
1926
1151
990
361
1954
1554
2025
2036
1991
-1
651
609
1049
1075
-1
1362
1532
-1
1245
522
767
820
564
1333
1532
2070
1784
1021
1317
632
309
316
-1
467
-1
1025
-1
1802
1368
2116
28
581
2022
84
392
1104
-1
1063
772
1234
2078
1068
32
1667
1475
1700
1701
1396
312
1187
2097
2023
1686
817
1240
1724
1196
297
1702
1514
1708
372
551
1561
1582
392
1673
1234
2010
1949
1524
1403
2029
1738
1981
1148
1175
317
-1
1382
1659
1189
1355
557
1382
1571
1514
1325
2059
490
1075
577
1673
571
1206
1444
415
547
2098
997
1376
28
609
1207
2024
2175
1154
1231
358
1676
470
2159
1927
985
542
-1
1351
1492
1934
1577
740
2163
406
1676
383
1701
621
1183
1138
354
304
1524
1939
32
726
734
1127
667
609
-1
645
1362
1703
86
-1
2148
1531
297
432
304
29
630
1654
2043
1447
808
1734
1323
1010
2135
351
1327
1098
727
1964
2104
1151
1695
60
578
1551
1206
2148
816
1805
1483
572
1524
2094
1692
1670
1187
1967
1674
1372
1449
358
1405
400
1093
336
1210
1222
610
1388
1381
1080
1938
1217
819
294
301
1713
358
44
1814
344
583
619
1073
1365
715
320
682
1977
1038
1922
1684
1576
499
1964
587
291
1002
1183
1678
690
1347
-1
978
547
1070
559
459
509
1456
2113
376
1244
1973
1113
1210
2034
1979
1392
652
-1
1732
2159
1116
2097
1711
1410
1934
60
1995
2000
1545
2147
1321
1980
-1
1069
453
1932
587
390
489
1004
698
1654
1561
1567
360
1647
600
1565
1203
776
1069
1493
1301
1807
297
375
2174
1650
994
1220
1636
1066
759
1981
1162
1543
674
1423
703
1717
86
1721
710
742
1175
1517
1929
74
312
1712
2079
-1
600
1934
2174
2157
596
1518
1503
1476
506
311
1441
-1
781
989
1199
1177
95
980
1541
571
290
583
591
2025
2116
1953
2079
1111
1386
1929
1196
1018
598
317
745
1304
1923
673
312
1198
638
344
2116
1184
2035
2148
23
90
23
451
1795
1438
1567
362
325
726
754
78
2134
551
2157
549
2008
1068
1175
619
1524
1073
734
815
1488
1582
23
1100
1969
1059
489
671
292
1719
1234
1200
771
1213
992
789
-1
1104
1674
1301
1198
1584
1086
691
1455
1804
1002
1543
1422
1981
322
27
632
785
348
1217
337
986
1081
1386
528
773
1547
1582
1059
295
1155
2143
1007
2025
1647
1138
464
2106
797
1160
1698
44
1381
30
1972
1929
2022
1296
1920
401
751
2154
698
1197
1551
609
2165
1237
643
595
735
1651
1478
1020
720
1086
348
1154
1920
1041
2059
2110
2106
1676
426
623
1364
2123
94
-1
1565
1042
1186
1686
774
1964
412
28
609
640
1456
1661
1456
1807
1024
1217
-1
1150
2162
977
516
1116
1138
1930
1963
32
571
1309
2134
1548
-1
2105
1208
1644
1942
-1
1363
1233
731
1375
1641
683
542
607
2116
2079
482
319
1246
610
994
43
311
611
1959
1357
1037
771
585
400
1803
697
1509
1010
1187
1655
1967
2009
32
2039
1957
89
689
1323
782
706
1033
495
1569
1053
519
319
2097
432
2058
593
677
1809
2117
638
741
2078
473
2048
2069
1176
1190
409
1647
360
697
2059
1555
989
1073
1476
1352
1086
1212
1700
730
1317
1942
50
767
1398
820
-1
1934
1527
1169
452
781
1959
797
418
632
1410
1160
398
89
1332
516
1517
638
1503
1662
459
298
615
632
1197
1211
1662
1569
815
1177
1566
1067
289
-1
1097
-1
2052
1067
1404
1497
1158
1785
1356
1058
2078
1354
1803
2121
1933
312
1295
409
1326
1490
1176
400
456
1409
685
2011
1164
1210
1349
1104
310
314
777
2018
2148
542
1193
551
1508
1390
1515
2138
-1
585
1226
682
562
409
2138
1345
1700
96
743
1294
1974
1054
522
656
1481
48
358
1398
1624
571
1676
617
1622
627
1100
2134
1577
621
689
815
1092
1488
1962
2147
383
1118
2040
568
1438
1038
987
2031
309
1520
353
357
741
983
1191
828
1177
-1
1356
343
701
662
1492
1493
712
1139
571
2133
362
-1
815
1131
1304
1950
2109
25
-1
1804
1422
651
1545
549
1304
1387
2015
45
2057
30
1108
1295
1943
1198
483
1151
2103
1666
1315
1309
1661
2123
1137
1387
1575
1176
363
669
529
825
1109
1158
605
1715
1208
669
426
469
1918
820
-1
1198
1101
1652
1194
750
368
334
820
51
1352
78
2162
1942
1636
1124
737
1530
1340
1033
1342
1068
2020
2100
28
727
2124
712
1186
1637
1923
1336
1133
-1
1494
2051
1695
-1
657
751
823
572
1321
1811
1944
1136
1192
77
-1
777
671
1149
1674
1500
1929
1328
619
741
981
1698
2048
1305
1155
1004
1298
-1
2154
427
1161
1560
1187
1331
797
1415
667
2166
556
1929
1200
64
1367
1468
643
438
438
1322
1319
614
694
632
99
1247
1658
1814
712
1523
29
1549
481
816
1702
2002
2077
1465
1720
2043
1636
419
762
748
593
489
330
772
386
1985
1357
1701
670
366
1071
828
1982
1045
334
698
1149
340
568
722
1365
1943
815
1060
2055
1409
1964
96
1498
1345
2116
319
741
1979
2178
1338
452
-1
1385
1038
2083
2044
-1
1781
24
1977
54
580
338
1118
1448
467
1378
1350
28
1189
-1
1448
992
-1
1206
1997
2143
1042
-1
820
1922
1059
564
783
785
599
2108
1420
1573
1353
1376
2057
-1
742
1190
1319
1302
406
1229
1790
684
1395
1577
-1
383
1391
1129
1187
320
1798
1313
1572
2126
1010
2178
1498
1795
463
1924
373
1488
1090
1670
1734
1127
1977
360
1326
1726
2154
344
1984
302
1247
1073
696
1683
1543
1796
1143
1967
1047
1502
325
2126
2008
2098
1153
735
585
314
1304
89
1151
610
1033
2148
1149
93
1406
1445
689
1947
651
751
1184
652
1125
1133
734
1375
1549
1640
94
299
1575
2027
398
1478
1427
1027
78
742
506
1073
459
1106
1390
-1
1537
1135
1094
1646
764
355
1182
1621
366
30
-1
1807
1476
1131
772
1397
2046
1657
1417
606
82
730
1390
504
806
1650
533
410
1465
1679
1149
1035
567
1319
1999
2070
301
1572
2175
577
2147
1549
1799
1640
560
1571
1559
2074
333
1345
-1
987
360
1326
499
819
1358
697
2025
610
1390
1578
467
1507
1319
1492
1502
1981
678
993
683
529
741
1617
1129
822
1002
726
2107
362
1446
593
677
673
1449
398
1422
2106
344
2157
689
1620
1497
1206
1941
1977
1528
798
1093
1536
1474
1216
1573
987
560
631
1165
1964
2079
1529
1314
1584
1941
600
1410
1677
1044
2042
1726
1382
653
315
734
1389
303
1293
1556
2103
-1
1200
394
1923
1684
2138
532
493
461
1088
572
772
1524
669
1439
1965
1672
556
771
733
1560
1787
-1
552
334
677
50
1071
591
468
1101
376
2076
1997
1350
376
648
308
676
305
512
473
2145
1483
1929
670
2000
1528
658
2147
574
1477
1490
2152
659
2094
1926
822
1103
646
-1
1577
76
-1
798
655
764
1922
597
734
467
1698
683
1246
2022
459
1068
1197
648
1620
1530
1366
992
751
385
783
1249
1956
1670
1663
596
1355
1801
470
1665
702
2106
572
1149
577
981
660
1493
2012
1946
1363
762
24
1477
466
671
1494
-1
1394
1377
1580
610
1698
1655
1431
815
2121
2152
2057
1314
728
1247
520
1206
1936
632
1245
1355
1081
1339
27
1717
1682
44
1997
712
1187
1233
1641
-1
2036
1018
1153
383
787
636
744
360
1107
70
439
1658
1517
1346
557
1195
2022
392
1943
631
701
2142
1207
696
418
2094
1673
1641
1702
1197
2031
992
2011
1790
-1
-1
410
365
1673
82
1496
2012
26
444
1554
2048
1664
811
31
1525
406
1935
2030
751
-1
536
1301
732
-1
1731
2176
1030
767
1176
772
1092
299
1581
1234
2178
1659
1949
308
2054
690
1649
1920
1496
1221
32
1967
751
90
297
1934
394
1024
57
2160
603
99
465
1537
1133
1494
688
389
2008
1701
500
79
823
333
352
1721
591
1349
1328
293
1684
1977
1444
2178
1219
561
825
1395
2075
-1
27
1726
1098
723
1234
89
596
509
413
72
472
2034
760
686
1072
1358
1219
1808
669
828
1671
313
24
630
1331
478
1954
613
1704
2063
1157
-1
1448
1201
1325
600
734
515
1801
1074
663
1700
770
2019
1997
1494
606
2157
1651
1972
1303
631
1810
1175
785
-1
86
358
398
1644
1020
2074
597
1168
757
1529
1501
1197
1526
1551
1582
1677
1423
1233
1734
563
1797
749
1224
779
714
725
82
2174
1341
2174
1646
466
-1
2123
1985
1354
1125
2002
2143
-1
1296
1573
1795
2166
2098
682
1172
776
90
1139
1365
1174
1406
1362
1332
548
1065
1934
808
1473
721
1239
1029
1161
1142
563
1677
1511
574
1475
1938
989
1736
-1
1198
551
1497
689
1033
1325
-1
610
511
-1
2148
-1
1302
1946
638
-1
1033
679
1572
2080
1192
364
-1
1972
824
2130
1151
1492
2114
39
656
-1
-1
1348
2116
371
289
462
2107
1563
1151
1539
1922
1173
-1
79
474
388
423
-1
2037
1078
1732
2156
2102
1730
1003
2036
526
-1
1467
1809
-1
1083
1617
769
1481
588
2165
1245
598
468
1158
995
580
345
750
2012
1018
393
1939
1195
-1
-1
1108
1786
1632
2059
672
511
988
2024
1480
540
1368
2092
1300
1307
827
1486
2142
598
2042
309
1715
1148
692
1022
546
980
1716
1467
1345
1494
2012
315
1004
1580
2057
742
1422
1498
-1
-1
518
2042
1404
1111
2018
1490
670
1514
1782
1505
666
-1
1582
2080
393
1066
686
559
41
362
774
601
1809
496
2006
1958
2133
348
1111
591
517
1805
1148
1494
1194
292
2133
766
353
1583
292
2036
1636
340
330
2133
306
1446
1931
1170
617
793
1702
2075
481
1149
1659
2092
1049
1130
1052
543
1485
779
1983
1555
1139
1675
1299
56
717
305
1386
300
1293
1724
1976
754
1582
2037
1219
370
766
795
1307
2006
1510
1356
1568
2073
2073
1204
1807
621
1934
2172
721
326
1348
1736
1379
2156
1117
26
1170
722
2033
1219
364
303
979
1562
-1
1724
1022
353
672
-1
1170
1069
432
-1
982
996
2124
1963
767
767
1717
795
2118
562
604
2124
2016
1481
689
1334
464
1956
740
638
1117
714
1805
469
1155
1661
-1
419
361
1968
79
-1
2169
2124
583
622
1975
795
349
1227
1170
546
-1
1340
1306
409
360
1022
667
1049
-1
623
1067
1244
82
1189
2023
1386
334
1919
1574
1329
1013
1422
350
1676
456
1542
2006
1975
1329
1036
1163
1227
27
2165
344
1066
2173
785
1350
306
1516
1485
1156
2142
1441
483
1075
1542
1711
1525
2043
2030
26
484
675
2124
2035
1333
586
1356
1514
1546
2052
1317
1033
1543
545
1656
300
-1
1948
370
773
1797
1505
2043
1348
1660
1620
1957
1088
1640
1480
462
2119
330
2012
483
604
1427
528
1249
2172
2055
1098
1918
1307
1141
1103
1330
520
1574
562
23
1691
760
787
1382
2037
1249
585
432
1803
1940
1356
1293
1968
1715
309
1716
361
1438
1364
1107
2129
1718
1919
1447
2121
1711
1142
-1
1197
1514
-1
338
1562
496
1691
585
1542
370
2095
303
1249
2129
293
88
1562
1212
440
317
1681
1796
1219
1635
1061
1473
2077
1029
572
79
1792
1443
1036
1678
1013
1197
805
1959
625
2124
998
1049
1027
2036
1049
1377
1304
536
1403
1491
-1
541
1317
411
982
1994
1356
1666
2113
316
1711
475
370
709
89
1666
1328
24
1939
1501
595
1813
1981
1219
97
1020
1656
1019
468
1157
1036
1182
1529
1115
547
1106
820
811
504
1193
379
1667
1317
2120
1923
2023
1576
1568
491
1409
2018
778
1223
363
997
1219
1167
1682
21
710
1806
318
1975
796
309
1301
1538
1583
1025
1382
1078
342
541
1480
1942
1404
-1
1303
607
475
493
1650
1576
1809
1348
1068
1137
2073
1505
1546
-1
323
2051
1207
1107
302
1197
-1
1392
1935
491
41
1170
1481
1340
367
1568
1491
1969
1422
609
2107
1223
366
591
1136
1713
1382
489
2036
2113
1721
1581
1968
1403
1799
1737
22
2077
1809
1813
679
404
710
520
691
1191
2018
735
1554
2093
1075
421
1584
666
1790
1179
1398
477
1169
1678
1581
790
2036
1496
1559
1057
1978
1156
2047
1203
689
640
-1
1374
1298
1330
787
353
1502
614
1348
390
1022
1969
1552
1475
1136
1560
91
-1
1293
1156
2093
1491
811
808
466
1061
1297
1953
1019
310
97
335
2020
29
1806
385
1143
325
1505
1808
1704
-1
676
1966
1949
1103
1928
370
1368
1012
1805
1944
1582
1111
1969
1179
1542
1246
2158
1222
1083
1022
739
690
1392
1948
1485
1994
292
1307
2080
2158
1975
466
546
1520
603
573
1164
1405
540
-1
1012
1565
1181
1083
500
1939
1652
1480
1329
517
631
591
26
789
1623
1637
342
1660
2095
64
604
1075
419
-1
796
1333
459
1682
1514
-1
778
1809
1562
2176
1629
2107
1329
1117
1518
2093
41
-1
732
623
2109
1632
303
2060
1356
1186
517
1504
370
504
2037
573
396
1203
2047
637
351
51
699
608
314
1238
1633
1055
1500
1103
2069
2135
2142
1348
88
1227
2012
724
985
1691
492
-1
464
2133
1115
628
440
-1
1788
1713
2080
364
1099
1576
1692
2036
545
1143
1813
88
416
1935
96
2033
1234
91
2176
-1
1711
483
23
597
596
709
1574
1083
84
465
759
408
1064
1620
1562
1102
617
-1
2124
2010
686
1398
-1
419
1496
1538
1498
462
1488
1205
1923
696
1475
766
1217
1480
629
1010
438
1345
796
321
1117
1012
559
1577
421
672
712
2051
1087
-1
1004
-1
473
311
1623
93
2073
1139
1574
1582
2168
2047
1070
686
2174
1926
1190
-1
343
1171
2103
811
1125
-1
1803
512
1235
1979
1098
1223
318
2059
313
-1
366
393
512
2109
474
1170
725
732
424
2032
1084
324
-1
1485
1678
1223
-1
788
2074
-1
766
474
1304
1567
566
1710
1804
1961
1293
1070
1975
732
640
411
1939
1103
708
1991
798
1249
1794
1980
-1
1240
1942
1099
2101
1707
325
542
1939
375
2023
1542
695
1488
2113
1037
1569
1096
-1
2036
1111
1036
1785
459
1950
1443
1550
1721
1522
1939
1548
43
546
1707
1392
2117
1640
503
499
316
1805
1542
796
1792
2032
1207
695
640
2036
340
579
1568
443
512
1803
1951
1191
1120
2058
1561
728
-1
-1
1012
1710
595
1244
1107
360
2133
669
2023
1960
596
796
2082
772
2092
640
635
640
1978
1522
640
1356
1207
1568
812
518
508
1997
1992
1050
1716
604
-1
1016
1663
2037
994
2033
1223
496
1451
818
1120
1491
2176
2129
305
723
545
484
2159
1403
530
585
628
-1
1640
2142
2146
1510
292
623
1476
607
26
1164
1120
1731
1790
443
1799
2142
1185
1032
625
1684
760
-1
787
1064
1561
1655
697
676
1058
504
2032
1010
1188
1786
693
-1
1180
1392
1231
627
2037
1531
1349
1033
770
79
1387
1410
1368
600
1542
2124
484
1147
621
635
1542
1570
1143
619
1485
600
1127
1792
1656
1519
657
-1
1409
792
676
692
1321
2042
513
1935
1552
1620
672
1227
1219
623
672
1577
30
-1
725
370
1561
1696
2117
2098
1102
1348
492
760
295
1173
1711
1535
1512
1386
1317
1007
1935
1968
1537
593
694
1020
1633
2047
729
603
752
2160
1716
1786
530
727
2077
1813
323
1652
1116
292
2042
2092
499
985
1934
529
499
1813
1543
1496
2032
1026
2046
1508
1184
609
1377
760
614
784
641
2124
2069
1103
1542
1111
340
2168
-1
1308
1410
1386
1654
552
1340
797
398
764
2010
595
749
1139
-1
1494
412
1556
-1
-1
1339
1064
1313
1300
1143
1787
378
456
1964
1666
1623
360
517
309
717
1231
1448
707
1940
2037
362
1052
604
1990
379
1064
1321
745
1237
464
1473
43
300
1041
679
333
364
404
2109
1212
1527
357
1985
1710
350
749
562
1737
1321
1968
1546
1208
2142
655
1574
1075
1383
1220
1361
366
1556
688
1296
1464
34
1306
1726
1182
724
1036
1983
1137
1405
583
1197
683
1651
1583
1389
1736
619
-1
1224
1674
607
1485
1405
699
-1
695
612
369
1353
2017
1983
611
1386
1012
1633
753
1391
300
517
1101
1554
1036
699
640
484
2010
1927
2124
364
484
517
1420
2077
378
411
1494
1629
985
1510
686
1717
1219
489
1925
601
1013
546
1948
1070
1985
1052
-1
2027
2148
2028
1410
1556
1387
1659
1115
514
35
1070
91
1015
1704
1225
1025
1151
1932
726
499
1220
548
1431
1726
2098
1569
1795
669
1174
1186
1798
51
597
2152
1695
1235
45
1521
1985
566
1539
-1
698
2106
697
1226
2113
1032
1490
1471
2007
1031
829
1512
1806
1485
366
426
690
404
979
1087
635
1069
628
-1
1096
1688
603
1477
424
476
1447
443
1574
479
795
26
660
2077
1035
2156
511
1378
294
1534
1938
766
528
777
1412
1573
340
70
1451
2073
1715
1465
2060
2140
744
1343
378
2129
1313
724
1112
1063
1997
1296
476
1808
1467
2056
1065
1441
-1
1991
1680
1725
1366
695
479
1052
1098
811
1160
694
717
568
304
631
500
499
1420
443
1397
1805
1348
694
-1
1319
618
979
1191
1931
780
88
1535
727
1221
674
1294
1225
2137
2130
2032
726
1492
1156
1032
450
514
1679
1661
2170
1505
1520
1628
1803
727
1490
1465
405
1631
1542
808
1451
499
695
1514
698
683
775
1185
2009
496
732
-1
1031
1156
-1
-1
1124
539
804
70
595
2120
749
-1
1795
1991
399
1698
1951
496
1173
1492
1120
566
1120
804
615
1174
1415
1218
351
503
2137
1465
2092
1026
1467
317
1648
389
2114
-1
91
428
2065
1398
557
1159
1231
461
666
1321
811
1052
1083
1306
1561
1979
1535
737
1099
-1
2081
597
1569
371
-1
618
2100
1577
1511
579
1192
1632
95
1569
1785
1361
321
1391
342
1501
1787
638
2140
89
528
1530
723
697
1305
544
1543
1482
2143
414
2041
1321
1652
475
1304
1207
483
1084
666
-1
1374
1714
93
338
812
1513
334
1225
1449
1057
687
1997
1731
812
59
2043
1025
1784
1496
59
1716
412
1224
1652
568
724
1217
1966
1103
1707
304
-1
469
292
1809
829
36
1223
1004
1935
461
99
819
1163
1960
391
434
1931
304
1628
1542
806
1736
1183
391
1062
1467
1120
1451
379
583
1969
-1
2042
1432
1365
1918
1676
1660
1368
782
2002
1232
1314
1202
496
443
1516
725
471
782
361
1621
1183
741
1315
1471
309
492
603
731
1412
1384
727
1707
1427
-1
1560
2172
-1
1655
-1
1322
684
1725
979
353
440
1782
1541
293
1070
1682
1150
1382
2109
1504
434
1053
306
1953
991
796
530
1797
1441
1485
316
2075
1152
-1
1515
2029
2129
474
1141
489
1235
2107
559
1102
1096
1546
-1
1240
2113
483
1564
513
1008
418
417
580
599
651
572
695
1994
1217
1469
1086
814
1179
1330
764
2033
419
362
1678
42
1519
430
602
2033
1217
1398
1249
1052
818
1960
54
391
997
1394
1361
26
63
434
1417
1025
1803
1707
1103
-1
1164
1709
1546
1697
1455
1455
729
335
1708
370
715
1220
796
1573
29
89
1338
390
744
1569
810
635
516
1322
1117
732
1293
1046
2172
1347
325
583
1924
1164
1685
1492
556
362
1529
635
456
545
1340
1036
1447
484
411
1382
-1
1070
473
351
1299
475
628
1953
1652
1093
1667
2160
690
2106
1781
1937
352
-1
1167
666
36
-1
469
562
573
-1
1628
1501
1235
1551
59
585
443
1439
804
345
1412
598
1480
-1
1412
1939
1203
1009
511
812
1649
1065
1343
1573
712
-1
2130
1705
351
1207
1192
1308
1959
674
623
1583
1581
1925
1103
1046
1098
1491
759
97
58
375
2177
-1
806
1695
513
1681
2110
1104
794
747
1214
2022
1620
1975
364
1733
801
22
781
804
399
1493
1686
709
94
1151
1237
673
1806
2172
792
453
1164
731
1344
1634
1370
1328
1636
1182
744
528
316
646
1387
1412
753
1152
2056
1576
1663
1704
1173
296
570
1247
1294
1957
681
1628
1055
1154
512
774
1375
1959
1359
2065
1918
2141
1506
1551
310
1125
426
1220
1345
1645
1194
1087
1444
1365
559
1577
1942
1562
1394
551
1224
405
2132
1797
-1
733
802
28
2000
1362
1713
463
1099
2034
347
551
578
79
1151
520
1050
-1
1348
1982
621
534
1396
484
1718
653
1391
639
579
662
532
577
2000
565
2111
1112
694
39
991
683
354
1197
1223
1307
1792
1501
2023
795
34
1784
1392
1032
1932
-1
514
304
303
1093
1398
2110
2078
2067
1655
22
1132
1036
-1
1690
452
1531
986
95
1160
1708
1180
401
805
1981
610
1102
1340
1505
690
1625
540
530
529
1620
1661
1678
1940
362
-1
2170
586
1674
1725
97
368
364
1579
2159
1984
459
1100
689
2045
2115
1322
2010
405
484
1713
2020
583
760
432
1921
2065
1628
22
1692
688
802
1784
667
1725
657
564
1105
703
1138
1224
2051
1633
2056
598
1565
-1
1551
1939
688
1500
1674
514
1365
438
2002
1232
1398
2039
389
1193
1072
1378
22
490
532
1671
530
1707
1182
1098
1656
1182
643
416
2053
1373
306
1515
21
1018
1407
2112
1931
414
1554
-1
471
1319
1189
644
2079
367
1522
1295
1664
426
630
2000
541
1242
370
1565
623
1315
79
1330
91
22
1404
1139
1082
325
2092
1404
512
2038
1953
1010
2071
378
319
625
-1
2138
1245
990
1170
1244
1517
1321
1379
1432
562
586
1038
1650
735
1724
-1
1035
399
-1
1439
1048
503
1396
2056
1441
526
479
822
496
378
1725
503
1568
1125
651
-1
512
1631
-1
1322
1035
440
1569
1141
1487
618
2166
1506
1477
1363
366
1510
1992
439
1162
657
1717
-1
1983
1127
476
1112
818
2137
1393
2130
1468
1398
496
650
366
2077
1944
560
1330
1041
1229
1710
1048
378
1398
514
1966
1733
63
1731
1725
93
93
93
432
1509
2055
694
1146
794
1572
535
1937
365
551
86
1721
2148
1241
780
1112
2127
2137
378
512
2067
650
1112
695
440
2056
391
1500
59
1233
308
1691
443
1702
1994
512
659
2045
2055
1186
1657
470
985
1951
2127
2140
399
1031
2002
1631
2051
717
2037
715
2077
2016
1103
1531
762
729
1504
1366
1182
511
333
1575
-1
451
2093
93
1039
1099
1523
2008
669
2107
-1
746
624
-1
739
1674
724
406
617
1080
1369
1155
1169
1795
987
1382
1227
369
1058
1961
-1
1617
-1
296
2147
1929
710
1690
2069
351
1222
685
617
1704
1925
1033
1405
1102
79
1919
405
1242
789
1353
2076
2008
1131
986
1552
783
1061
1045
2118
1577
1985
739
1233
2074
1230
355
582
-1
565
661
1106
806
1082
1960
2142
1941
587
533
1382
1973
717
539
305
1239
1705
1227
585
1124
1724
2149
615
598
791
1195
1952
706
1651
729
1005
2147
797
-1
530
1198
1795
516
1334
2095
673
1296
1220
990
532
2018
2152
1549
31
660
59
1671
2020
1008
63
1643
751
2060
721
2109
-1
1034
-1
785
1116
1546
44
1375
1985
1501
618
321
1511
473
543
684
1064
493
317
695
346
2025
1363
1090
420
63
702
823
1718
751
2039
721
373
652
1334
657
335
1638
1522
347
302
352
686
1052
322
1447
427
1094
1543
499
2020
491
544
1162
1514
506
395
817
75
647
611
1293
1957
1019
319
1524
623
298
2177
1803
2018
1201
622
345
1975
1181
358
792
-1
470
583
986
1185
1392
1655
1552
86
1297
1102
1668
1574
76
351
64
1572
1171
667
332
1958
646
1704
1443
348
340
652
2000
-1
1930
349
483
1020
698
751
1115
2081
1567
1334
1472
440
709
2132
1323
1806
1939
418
2122
2140
1393
70
1088
985
2106
622
1808
620
475
361
1096
1680
1098
1160
464
544
998
2046
1649
1935
687
2017
983
1933
483
1518
546
1573
-1
768
1069
1705
611
568
1494
980
618
1075
2105
1296
1338
477
569
1410
2027
461
1032
1496
1992
2079
77
1535
1159
750
1664
782
1696
1485
349
1991
1228
640
-1
1582
1811
1190
-1
1579
733
478
1087
1800
1115
1798
1042
2151
588
1511
820
769
1064
731
1439
419
1970
398
1918
-1
25
1353
623
1239
1446
1649
25
338
368
700
2119
329
1560
1059
1298
534
604
1952
1518
1582
985
2040
1243
2045
1141
823
784
1477
1487
2167
1670
1796
1931
1647
