151
1 -9.574873 -35.655685
2 -9.623549 -35.695942
3 -9.63655 -35.70017
4 -9.523098 -35.608986
5 -9.636582 -35.702583
6 -9.636489 -35.69861
7 -9.56113 -35.65162
8 -9.541819 -35.77865
9 -9.576055 -35.766045
10 -9.545713 -35.751667
11 -9.576486 -35.76767
12 -9.576183 -35.751114
13 -9.527818 -35.78271
14 -9.577928 -35.78073
15 -9.538845 -35.79108
16 -9.533492 -35.749065
17 -9.544594 -35.770004
18 -9.5481825 -35.76074
19 -9.571576 -35.782986
20 -9.578974 -35.77068
21 -9.567733 -35.78246
22 -9.569653 -35.776733
23 -9.57868 -35.79119
24 -9.54386 -35.76845
25 -9.54979 -35.7894
26 -9.55709 -35.76525
27 -9.58464 -35.77465
28 -9.58014 -35.77186
29 -9.544594 -35.770004
30 -9.56219 -35.75436
31 -9.53583 -35.777615
32 -9.579731 -35.758835
33 -9.580538 -35.75857
34 -9.552084 -35.787025
35 -9.556733 -35.781296
36 -9.546603 -35.75259
37 -9.57505 -35.774414
38 -9.58528 -35.767773
39 -9.543577 -35.783497
40 -9.586726 -35.75788
41 -9.552371 -35.762615
42 -9.567758 -35.7821
43 -9.578618 -35.73649
44 -9.566997 -35.75707
45 -9.541474 -35.749817
46 -9.608076 -35.760986
47 -9.593641 -35.768177
48 -9.533862 -35.74908
49 -9.580269 -35.788612
50 -9.55323 -35.77385
51 -9.5454 -35.71751
52 -9.568353 -35.714943
53 -9.566883 -35.721848
54 -9.562962 -35.724377
55 -9.549722 -35.731194
56 -9.541358 -35.72411
57 -9.580607 -35.70525
58 -9.569726 -35.741096
59 -9.572504 -35.721153
60 -9.571942 -35.71236
61 -9.569806 -35.726177
62 -9.542306 -35.74322
63 -9.549146 -35.74199
64 -9.543 -35.71845
65 -9.449218 -35.73208
66 -9.573244 -35.740856
67 -9.585586 -35.715874
68 -9.556777 -35.722084
69 -9.579481 -35.737526
70 -9.544589 -35.71891
71 -9.554074 -35.737972
72 -9.549843 -35.725845
73 -9.567609 -35.71625
74 -9.5607815 -35.713253
75 -9.555732 -35.72896
76 -9.541601 -35.719475
77 -9.572999 -35.720387
78 -9.654008 -35.72452
79 -9.640915 -35.717037
80 -9.613321 -35.701447
81 -9.636046 -35.71925
82 -9.636367 -35.719578
83 -9.63674 -35.71805
84 -9.6405 -35.7203
85 -9.619 -35.70265
86 -9.643988 -35.72929
87 -9.6443 -35.72048
88 -9.6368 -35.72103
89 -9.61565 -35.71935
90 -9.599598 -35.724854
91 -9.637479 -35.71786
92 -9.605015 -35.71633
93 -9.637646 -35.7269
94 -9.636967 -35.71388
95 -9.652611 -35.7226
96 -9.646416 -35.718018
97 -9.634646 -35.716846
98 -9.569607 -35.741455
99 -9.614668260879842 -35.7198375
100 -9.595088 -35.778805
101 -9.570725 -35.808388
102 -9.615172 -35.750362
103 -9.648524 -35.74315
104 -9.61135 -35.757835
105 -9.60984 -35.75349
106 -9.59012 -35.786873
107 -9.570813 -35.808037
108 -9.619803 -35.732735
109 -9.603392 -35.75705
110 -9.577647 -35.80788
111 -9.630487 -35.739082
112 -9.61287 -35.74563
113 -9.6058 -35.76172
114 -9.601372 -35.727306
115 -9.638522 -35.731358
116 -9.624969 -35.741646
117 -9.6605015 -35.735138
118 -9.62647 -35.73965
119 -9.652671 -35.730988
120 -9.603535 -35.731113
121 -9.6591015 -35.7474
122 -9.660648 -35.761684
123 -9.695434 -35.777763
124 -9.673045 -35.76216
125 -9.669028 -35.74526
126 -9.608124 -35.7013
127 -9.676338 -35.75611
128 -9.6717615 -35.749638
129 -9.671277 -35.74706
130 -9.61755 -35.736786
131 -9.67225 -35.7655
132 -9.65842 -35.74945
133 -9.66549 -35.75245
134 -9.658584 -35.75021
135 -9.66402 -35.75778
136 -9.6621 -35.75012
137 -9.660495 -35.761257
138 -9.66857 -35.746513
139 -9.673106 -35.760788
140 -9.652131 -35.76112
141 -9.674249 -35.756855
142 -9.657589 -35.755135
143 -9.694535 -35.77884
144 -9.669083 -35.746216
145 -9.661544 -35.721367
146 -9.65169 -35.71967
147 -9.65995 -35.70325
148 -9.659422 -35.720955
149 -9.641603 -35.70567
150 -9.659874 -35.72777
151 -9.666453 -35.72313
