1194
8 1 1 0 16
15 2 1 0 32
19 3 1 0 28
20 4 1 0 16
22 5 1 0 16
52 6 1 0 12
54 7 1 0 11
57 8 1 0 32
58 9 1 0 16
61 10 1 0 16
79 11 1 0 13
89 12 1 0 15
100 13 1 0 32
101 14 1 0 13
114 15 1 0 13
122 16 1 0 20
126 17 1 0 16
128 18 1 0 10
131 19 1 0 16
8 20 1 1 16
14 21 1 1 17
15 22 1 1 32
19 23 1 1 16
20 24 1 1 16
22 25 1 1 16
51 26 1 1 16
52 27 1 1 12
57 28 1 1 32
58 29 1 1 16
61 30 1 1 16
79 31 1 1 13
89 32 1 1 15
101 33 1 1 14
114 34 1 1 14
122 35 1 1 20
126 36 1 1 17
128 37 1 1 30
131 38 1 1 16
132 39 1 1 16
8 40 2 0 16
9 41 2 0 32
11 42 2 0 23
13 43 2 0 17
14 44 2 0 14
15 45 2 0 47
17 46 2 0 32
18 47 2 0 16
19 48 2 0 48
20 49 2 0 29
21 50 2 0 45
22 51 2 0 17
51 52 2 0 15
52 53 2 0 16
53 54 2 0 16
54 55 2 0 15
55 56 2 0 32
56 57 2 0 32
57 58 2 0 32
58 59 2 0 16
59 60 2 0 17
61 61 2 0 31
78 62 2 0 27
79 63 2 0 16
80 64 2 0 16
82 65 2 0 16
89 66 2 0 16
100 67 2 0 30
101 68 2 0 16
103 69 2 0 16
114 70 2 0 33
115 71 2 0 31
116 72 2 0 15
117 73 2 0 15
122 74 2 0 20
126 75 2 0 32
128 76 2 0 13
131 77 2 0 31
145 78 2 0 23
8 79 2 1 16
9 80 2 1 16
11 81 2 1 12
15 82 2 1 48
17 83 2 1 33
18 84 2 1 16
19 85 2 1 61
20 86 2 1 34
22 87 2 1 16
52 88 2 1 31
53 89 2 1 16
54 90 2 1 25
55 91 2 1 32
56 92 2 1 32
57 93 2 1 32
58 94 2 1 16
59 95 2 1 14
61 96 2 1 16
78 97 2 1 30
79 98 2 1 17
80 99 2 1 16
82 100 2 1 16
89 101 2 1 32
100 102 2 1 16
101 103 2 1 16
103 104 2 1 16
114 105 2 1 33
115 106 2 1 31
116 107 2 1 16
117 108 2 1 16
122 109 2 1 20
126 110 2 1 32
128 111 2 1 16
129 112 2 1 20
131 113 2 1 32
132 114 2 1 49
145 115 2 1 11
1 116 3 0 18
4 117 3 0 27
6 118 3 0 20
8 119 3 0 37
9 120 3 0 39
10 121 3 0 40
11 122 3 0 11
12 123 3 0 60
13 124 3 0 20
14 125 3 0 39
15 126 3 0 60
16 127 3 0 38
17 128 3 0 80
18 129 3 0 19
20 130 3 0 35
21 131 3 0 60
22 132 3 0 35
34 133 3 0 19
35 134 3 0 20
37 135 3 0 22
44 136 3 0 18
46 137 3 0 19
51 138 3 0 37
52 139 3 0 19
53 140 3 0 20
54 141 3 0 20
55 142 3 0 60
56 143 3 0 59
57 144 3 0 40
58 145 3 0 20
59 146 3 0 19
61 147 3 0 20
62 148 3 0 40
63 149 3 0 29
65 150 3 0 19
78 151 3 0 19
79 152 3 0 20
80 153 3 0 18
81 154 3 0 32
82 155 3 0 16
89 156 3 0 38
101 157 3 0 19
102 158 3 0 40
103 159 3 0 21
110 160 3 0 15
114 161 3 0 38
115 162 3 0 30
116 163 3 0 16
117 164 3 0 15
121 165 3 0 37
122 166 3 0 19
123 167 3 0 18
124 168 3 0 26
125 169 3 0 19
126 170 3 0 40
127 171 3 0 19
128 172 3 0 26
129 173 3 0 19
131 174 3 0 35
132 175 3 0 40
145 176 3 0 18
150 177 3 0 20
1 178 3 1 18
4 179 3 1 32
6 180 3 1 20
8 181 3 1 36
9 182 3 1 36
10 183 3 1 39
11 184 3 1 24
12 185 3 1 40
13 186 3 1 21
14 187 3 1 21
15 188 3 1 58
16 189 3 1 38
18 190 3 1 18
20 191 3 1 40
21 192 3 1 75
22 193 3 1 17
34 194 3 1 38
35 195 3 1 22
37 196 3 1 29
44 197 3 1 18
46 198 3 1 20
51 199 3 1 20
52 200 3 1 20
53 201 3 1 20
54 202 3 1 21
55 203 3 1 59
56 204 3 1 60
57 205 3 1 40
58 206 3 1 21
59 207 3 1 20
61 208 3 1 20
62 209 3 1 40
63 210 3 1 31
78 211 3 1 40
79 212 3 1 20
80 213 3 1 34
81 214 3 1 32
82 215 3 1 35
89 216 3 1 20
100 217 3 1 41
101 218 3 1 20
102 219 3 1 40
103 220 3 1 20
110 221 3 1 18
114 222 3 1 35
115 223 3 1 29
116 224 3 1 29
117 225 3 1 16
121 226 3 1 19
122 227 3 1 20
124 228 3 1 20
125 229 3 1 19
126 230 3 1 41
128 231 3 1 13
129 232 3 1 15
131 233 3 1 39
132 234 3 1 20
145 235 3 1 19
150 236 3 1 21
1 237 4 0 18
4 238 4 0 30
6 239 4 0 20
8 240 4 0 38
9 241 4 0 17
10 242 4 0 40
11 243 4 0 24
12 244 4 0 39
14 245 4 0 19
15 246 4 0 36
16 247 4 0 21
18 248 4 0 17
20 249 4 0 36
21 250 4 0 60
22 251 4 0 15
34 252 4 0 41
35 253 4 0 35
37 254 4 0 25
40 255 4 0 20
44 256 4 0 35
46 257 4 0 20
51 258 4 0 21
52 259 4 0 34
53 260 4 0 20
54 261 4 0 19
55 262 4 0 59
56 263 4 0 60
57 264 4 0 41
58 265 4 0 20
59 266 4 0 20
61 267 4 0 20
62 268 4 0 20
63 269 4 0 33
69 270 4 0 39
78 271 4 0 14
79 272 4 0 19
80 273 4 0 38
81 274 4 0 39
82 275 4 0 39
89 276 4 0 38
93 277 4 0 20
96 278 4 0 16
101 279 4 0 17
102 280 4 0 40
103 281 4 0 15
106 282 4 0 15
108 283 4 0 19
110 284 4 0 20
114 285 4 0 36
115 286 4 0 35
116 287 4 0 29
117 288 4 0 10
121 289 4 0 20
122 290 4 0 20
124 291 4 0 30
125 292 4 0 16
126 293 4 0 40
129 294 4 0 37
131 295 4 0 40
132 296 4 0 59
145 297 4 0 17
150 298 4 0 18
1 299 4 1 18
4 300 4 1 30
6 301 4 1 21
8 302 4 1 39
9 303 4 1 37
10 304 4 1 39
11 305 4 1 24
12 306 4 1 54
13 307 4 1 22
14 308 4 1 38
15 309 4 1 40
16 310 4 1 19
17 311 4 1 81
18 312 4 1 21
20 313 4 1 37
21 314 4 1 90
22 315 4 1 31
34 316 4 1 23
35 317 4 1 44
37 318 4 1 34
40 319 4 1 21
44 320 4 1 35
46 321 4 1 20
51 322 4 1 40
52 323 4 1 20
53 324 4 1 20
54 325 4 1 20
55 326 4 1 60
56 327 4 1 60
57 328 4 1 40
58 329 4 1 20
59 330 4 1 20
61 331 4 1 40
62 332 4 1 19
63 333 4 1 36
65 334 4 1 21
69 335 4 1 20
78 336 4 1 54
79 337 4 1 20
80 338 4 1 20
81 339 4 1 40
82 340 4 1 20
89 341 4 1 30
93 342 4 1 38
96 343 4 1 17
100 344 4 1 18
101 345 4 1 20
102 346 4 1 40
103 347 4 1 18
106 348 4 1 16
110 349 4 1 20
114 350 4 1 20
115 351 4 1 36
116 352 4 1 15
117 353 4 1 20
121 354 4 1 38
122 355 4 1 21
123 356 4 1 16
124 357 4 1 30
125 358 4 1 17
126 359 4 1 41
127 360 4 1 14
129 361 4 1 20
131 362 4 1 40
145 363 4 1 33
150 364 4 1 28
3 365 5 0 19
4 366 5 0 40
6 367 5 0 40
7 368 5 0 17
23 369 5 0 15
24 370 5 0 20
25 371 5 0 17
26 372 5 0 32
27 373 5 0 24
28 374 5 0 22
29 375 5 0 58
31 376 5 0 57
33 377 5 0 78
34 378 5 0 49
35 379 5 0 43
36 380 5 0 20
37 381 5 0 37
38 382 5 0 28
39 383 5 0 60
40 384 5 0 38
42 385 5 0 93
44 386 5 0 60
45 387 5 0 20
46 388 5 0 36
47 389 5 0 20
48 390 5 0 41
49 391 5 0 61
64 392 5 0 21
65 393 5 0 17
66 394 5 0 40
69 395 5 0 40
70 396 5 0 28
71 397 5 0 57
72 398 5 0 53
73 399 5 0 20
74 400 5 0 83
75 401 5 0 20
76 402 5 0 39
77 403 5 0 59
83 404 5 0 21
85 405 5 0 43
86 406 5 0 41
87 407 5 0 37
88 408 5 0 19
89 409 5 0 39
92 410 5 0 31
93 411 5 0 31
94 412 5 0 39
96 413 5 0 35
98 414 5 0 18
104 415 5 0 22
105 416 5 0 28
106 417 5 0 30
107 418 5 0 19
109 419 5 0 17
110 420 5 0 19
111 421 5 0 24
113 422 5 0 41
118 423 5 0 22
119 424 5 0 18
120 425 5 0 58
134 426 5 0 21
135 427 5 0 59
136 428 5 0 21
137 429 5 0 19
141 430 5 0 16
142 431 5 0 58
143 432 5 0 22
144 433 5 0 14
147 434 5 0 40
149 435 5 0 38
150 436 5 0 17
151 437 5 0 19
3 438 5 1 21
4 439 5 1 39
6 440 5 1 19
23 441 5 1 16
24 442 5 1 20
25 443 5 1 20
26 444 5 1 20
27 445 5 1 23
28 446 5 1 20
29 447 5 1 40
30 448 5 1 57
31 449 5 1 53
33 450 5 1 78
34 451 5 1 54
35 452 5 1 43
36 453 5 1 20
37 454 5 1 57
38 455 5 1 19
39 456 5 1 42
40 457 5 1 20
41 458 5 1 39
42 459 5 1 98
44 460 5 1 61
45 461 5 1 20
46 462 5 1 21
47 463 5 1 35
48 464 5 1 20
64 465 5 1 40
65 466 5 1 20
66 467 5 1 20
67 468 5 1 81
68 469 5 1 100
69 470 5 1 39
70 471 5 1 49
72 472 5 1 35
73 473 5 1 41
75 474 5 1 40
76 475 5 1 39
77 476 5 1 60
83 477 5 1 58
84 478 5 1 37
85 479 5 1 19
86 480 5 1 40
87 481 5 1 38
88 482 5 1 33
89 483 5 1 36
90 484 5 1 34
92 485 5 1 16
93 486 5 1 37
94 487 5 1 63
95 488 5 1 69
96 489 5 1 21
97 490 5 1 58
98 491 5 1 21
105 492 5 1 12
107 493 5 1 23
108 494 5 1 20
109 495 5 1 18
110 496 5 1 17
111 497 5 1 35
112 498 5 1 60
118 499 5 1 19
119 500 5 1 19
120 501 5 1 20
133 502 5 1 18
134 503 5 1 96
136 504 5 1 20
137 505 5 1 18
140 506 5 1 42
141 507 5 1 38
142 508 5 1 57
144 509 5 1 32
147 510 5 1 43
150 511 5 1 35
151 512 5 1 19
3 513 6 0 20
4 514 6 0 65
6 515 6 0 25
7 516 6 0 13
23 517 6 0 45
24 518 6 0 25
25 519 6 0 22
26 520 6 0 17
27 521 6 0 17
28 522 6 0 25
29 523 6 0 50
31 524 6 0 49
33 525 6 0 69
34 526 6 0 66
35 527 6 0 46
36 528 6 0 20
37 529 6 0 35
38 530 6 0 39
39 531 6 0 74
40 532 6 0 25
42 533 6 0 75
44 534 6 0 64
45 535 6 0 25
46 536 6 0 24
47 537 6 0 24
48 538 6 0 49
49 539 6 0 73
64 540 6 0 71
65 541 6 0 21
66 542 6 0 49
69 543 6 0 26
70 544 6 0 43
71 545 6 0 71
72 546 6 0 71
73 547 6 0 25
74 548 6 0 86
75 549 6 0 45
76 550 6 0 19
77 551 6 0 68
85 552 6 0 24
86 553 6 0 54
87 554 6 0 38
88 555 6 0 34
89 556 6 0 76
92 557 6 0 22
93 558 6 0 22
94 559 6 0 50
96 560 6 0 33
98 561 6 0 25
104 562 6 0 41
105 563 6 0 26
106 564 6 0 39
107 565 6 0 22
108 566 6 0 13
109 567 6 0 19
110 568 6 0 17
111 569 6 0 28
113 570 6 0 48
118 571 6 0 17
119 572 6 0 23
120 573 6 0 73
133 574 6 0 21
134 575 6 0 63
135 576 6 0 48
136 577 6 0 23
137 578 6 0 23
141 579 6 0 40
142 580 6 0 63
143 581 6 0 28
144 582 6 0 22
147 583 6 0 50
149 584 6 0 42
150 585 6 0 21
151 586 6 0 21
3 587 6 1 45
4 588 6 1 30
6 589 6 1 24
23 590 6 1 21
24 591 6 1 24
25 592 6 1 25
26 593 6 1 32
27 594 6 1 47
28 595 6 1 23
29 596 6 1 47
30 597 6 1 73
31 598 6 1 48
33 599 6 1 77
34 600 6 1 75
35 601 6 1 76
36 602 6 1 20
37 603 6 1 45
38 604 6 1 19
39 605 6 1 78
40 606 6 1 26
41 607 6 1 46
42 608 6 1 75
44 609 6 1 92
45 610 6 1 45
46 611 6 1 24
47 612 6 1 25
48 613 6 1 44
64 614 6 1 25
65 615 6 1 22
66 616 6 1 25
67 617 6 1 70
68 618 6 1 120
69 619 6 1 25
70 620 6 1 44
72 621 6 1 58
73 622 6 1 50
75 623 6 1 23
76 624 6 1 40
77 625 6 1 50
83 626 6 1 90
84 627 6 1 47
85 628 6 1 45
86 629 6 1 49
87 630 6 1 46
88 631 6 1 23
90 632 6 1 47
92 633 6 1 21
93 634 6 1 59
94 635 6 1 51
95 636 6 1 88
96 637 6 1 42
97 638 6 1 73
98 639 6 1 48
105 640 6 1 25
107 641 6 1 23
108 642 6 1 15
109 643 6 1 20
110 644 6 1 19
111 645 6 1 23
112 646 6 1 52
118 647 6 1 22
119 648 6 1 24
133 649 6 1 18
134 650 6 1 91
136 651 6 1 20
137 652 6 1 26
140 653 6 1 47
141 654 6 1 22
142 655 6 1 70
144 656 6 1 24
147 657 6 1 50
150 658 6 1 35
151 659 6 1 49
3 660 7 0 25
4 661 7 0 46
6 662 7 0 24
7 663 7 0 21
23 664 7 0 23
24 665 7 0 24
26 666 7 0 20
27 667 7 0 26
28 668 7 0 24
29 669 7 0 25
31 670 7 0 49
33 671 7 0 97
34 672 7 0 73
35 673 7 0 27
36 674 7 0 25
37 675 7 0 51
38 676 7 0 24
39 677 7 0 77
40 678 7 0 23
41 679 7 0 25
42 680 7 0 93
44 681 7 0 71
45 682 7 0 45
46 683 7 0 19
47 684 7 0 38
48 685 7 0 50
49 686 7 0 116
64 687 7 0 47
65 688 7 0 14
66 689 7 0 49
68 690 7 0 76
69 691 7 0 23
70 692 7 0 45
71 693 7 0 47
72 694 7 0 95
73 695 7 0 63
74 696 7 0 24
75 697 7 0 24
76 698 7 0 26
77 699 7 0 50
83 700 7 0 39
85 701 7 0 25
86 702 7 0 24
87 703 7 0 69
88 704 7 0 48
89 705 7 0 75
92 706 7 0 18
93 707 7 0 43
94 708 7 0 51
95 709 7 0 58
96 710 7 0 24
97 711 7 0 72
98 712 7 0 13
104 713 7 0 30
105 714 7 0 16
106 715 7 0 22
107 716 7 0 26
108 717 7 0 12
109 718 7 0 20
110 719 7 0 19
111 720 7 0 29
112 721 7 0 45
113 722 7 0 50
118 723 7 0 24
119 724 7 0 18
120 725 7 0 25
133 726 7 0 18
134 727 7 0 25
135 728 7 0 25
136 729 7 0 21
137 730 7 0 39
140 731 7 0 42
141 732 7 0 27
142 733 7 0 81
143 734 7 0 36
144 735 7 0 19
147 736 7 0 51
149 737 7 0 25
150 738 7 0 24
151 739 7 0 23
3 740 7 1 26
4 741 7 1 48
6 742 7 1 45
23 743 7 1 23
24 744 7 1 25
25 745 7 1 24
26 746 7 1 39
27 747 7 1 23
28 748 7 1 21
29 749 7 1 72
30 750 7 1 90
31 751 7 1 61
33 752 7 1 95
34 753 7 1 80
35 754 7 1 54
36 755 7 1 25
37 756 7 1 53
38 757 7 1 44
39 758 7 1 77
40 759 7 1 25
41 760 7 1 53
42 761 7 1 77
44 762 7 1 76
46 763 7 1 24
47 764 7 1 33
48 765 7 1 50
64 766 7 1 24
65 767 7 1 20
66 768 7 1 46
67 769 7 1 75
68 770 7 1 24
69 771 7 1 41
70 772 7 1 46
72 773 7 1 102
73 774 7 1 21
74 775 7 1 52
75 776 7 1 25
76 777 7 1 25
77 778 7 1 73
83 779 7 1 51
84 780 7 1 31
85 781 7 1 44
86 782 7 1 45
87 783 7 1 52
88 784 7 1 23
90 785 7 1 25
92 786 7 1 20
93 787 7 1 27
94 788 7 1 28
95 789 7 1 53
96 790 7 1 25
97 791 7 1 24
105 792 7 1 25
106 793 7 1 40
108 794 7 1 15
109 795 7 1 24
110 796 7 1 19
111 797 7 1 22
112 798 7 1 24
118 799 7 1 22
119 800 7 1 20
120 801 7 1 48
133 802 7 1 19
134 803 7 1 71
135 804 7 1 49
136 805 7 1 18
137 806 7 1 46
141 807 7 1 24
142 808 7 1 73
144 809 7 1 24
147 810 7 1 43
150 811 7 1 26
151 812 7 1 23
3 813 8 0 22
4 814 8 0 33
6 815 8 0 27
7 816 8 0 10
23 817 8 0 29
24 818 8 0 23
25 819 8 0 13
26 820 8 0 47
27 821 8 0 30
28 822 8 0 28
29 823 8 0 50
31 824 8 0 29
33 825 8 0 98
34 826 8 0 61
35 827 8 0 43
36 828 8 0 29
37 829 8 0 32
38 830 8 0 32
39 831 8 0 66
40 832 8 0 24
42 833 8 0 62
44 834 8 0 50
45 835 8 0 30
46 836 8 0 23
47 837 8 0 29
48 838 8 0 30
49 839 8 0 66
64 840 8 0 30
65 841 8 0 20
66 842 8 0 32
68 843 8 0 85
69 844 8 0 26
70 845 8 0 43
71 846 8 0 57
72 847 8 0 71
73 848 8 0 57
75 849 8 0 28
76 850 8 0 25
77 851 8 0 54
83 852 8 0 80
85 853 8 0 32
86 854 8 0 54
87 855 8 0 31
88 856 8 0 27
89 857 8 0 85
92 858 8 0 26
93 859 8 0 41
94 860 8 0 54
95 861 8 0 113
96 862 8 0 22
97 863 8 0 78
98 864 8 0 26
104 865 8 0 38
105 866 8 0 28
107 867 8 0 18
108 868 8 0 9
109 869 8 0 23
110 870 8 0 26
111 871 8 0 26
112 872 8 0 59
113 873 8 0 60
118 874 8 0 22
119 875 8 0 21
133 876 8 0 18
134 877 8 0 58
136 878 8 0 20
137 879 8 0 26
140 880 8 0 30
141 881 8 0 23
142 882 8 0 48
143 883 8 0 27
144 884 8 0 18
147 885 8 0 56
149 886 8 0 28
150 887 8 0 23
151 888 8 0 24
3 889 8 1 29
4 890 8 1 53
6 891 8 1 29
23 892 8 1 56
24 893 8 1 25
25 894 8 1 17
26 895 8 1 16
27 896 8 1 27
28 897 8 1 18
29 898 8 1 30
30 899 8 1 57
31 900 8 1 56
33 901 8 1 84
34 902 8 1 62
35 903 8 1 51
36 904 8 1 29
37 905 8 1 52
38 906 8 1 29
39 907 8 1 64
40 908 8 1 42
41 909 8 1 61
42 910 8 1 87
44 911 8 1 73
45 912 8 1 50
46 913 8 1 22
47 914 8 1 30
48 915 8 1 59
64 916 8 1 51
65 917 8 1 21
66 918 8 1 51
67 919 8 1 60
69 920 8 1 31
70 921 8 1 46
72 922 8 1 100
73 923 8 1 30
74 924 8 1 81
75 925 8 1 29
76 926 8 1 23
77 927 8 1 57
84 928 8 1 30
85 929 8 1 44
86 930 8 1 56
87 931 8 1 57
88 932 8 1 26
90 933 8 1 27
92 934 8 1 22
93 935 8 1 27
94 936 8 1 57
96 937 8 1 21
98 938 8 1 23
106 939 8 1 40
107 940 8 1 20
108 941 8 1 14
109 942 8 1 22
111 943 8 1 24
118 944 8 1 23
119 945 8 1 22
120 946 8 1 61
133 947 8 1 21
134 948 8 1 61
135 949 8 1 58
136 950 8 1 22
137 951 8 1 27
141 952 8 1 28
142 953 8 1 84
144 954 8 1 24
147 955 8 1 51
150 956 8 1 24
151 957 8 1 23
3 958 9 0 30
4 959 9 0 31
6 960 9 0 30
7 961 9 0 18
23 962 9 0 23
24 963 9 0 29
25 964 9 0 30
26 965 9 0 29
27 966 9 0 30
28 967 9 0 22
29 968 9 0 52
31 969 9 0 74
33 970 9 0 109
34 971 9 0 60
35 972 9 0 33
36 973 9 0 30
37 974 9 0 33
38 975 9 0 30
39 976 9 0 61
40 977 9 0 22
42 978 9 0 87
44 979 9 0 69
45 980 9 0 30
47 981 9 0 30
48 982 9 0 60
49 983 9 0 49
64 984 9 0 30
65 985 9 0 24
66 986 9 0 31
68 987 9 0 78
69 988 9 0 29
70 989 9 0 59
71 990 9 0 29
72 991 9 0 87
73 992 9 0 32
75 993 9 0 32
76 994 9 0 25
77 995 9 0 54
83 996 9 0 91
85 997 9 0 28
86 998 9 0 57
87 999 9 0 59
88 1000 9 0 23
89 1001 9 0 89
90 1002 9 0 35
92 1003 9 0 21
93 1004 9 0 26
94 1005 9 0 58
95 1006 9 0 90
96 1007 9 0 22
97 1008 9 0 58
98 1009 9 0 23
107 1010 9 0 18
108 1011 9 0 16
109 1012 9 0 22
111 1013 9 0 13
112 1014 9 0 58
113 1015 9 0 56
118 1016 9 0 32
119 1017 9 0 25
133 1018 9 0 20
134 1019 9 0 55
136 1020 9 0 24
137 1021 9 0 26
140 1022 9 0 27
141 1023 9 0 27
142 1024 9 0 85
143 1025 9 0 33
144 1026 9 0 30
147 1027 9 0 60
149 1028 9 0 26
150 1029 9 0 25
151 1030 9 0 24
3 1031 9 1 25
4 1032 9 1 59
6 1033 9 1 28
23 1034 9 1 25
24 1035 9 1 27
25 1036 9 1 29
26 1037 9 1 30
27 1038 9 1 30
28 1039 9 1 29
29 1040 9 1 28
30 1041 9 1 86
31 1042 9 1 30
33 1043 9 1 59
34 1044 9 1 63
35 1045 9 1 63
36 1046 9 1 30
37 1047 9 1 34
38 1048 9 1 26
39 1049 9 1 91
40 1050 9 1 26
41 1051 9 1 60
42 1052 9 1 94
44 1053 9 1 52
45 1054 9 1 30
46 1055 9 1 25
47 1056 9 1 30
48 1057 9 1 59
49 1058 9 1 53
64 1059 9 1 60
65 1060 9 1 23
66 1061 9 1 27
67 1062 9 1 83
69 1063 9 1 26
70 1064 9 1 30
72 1065 9 1 88
73 1066 9 1 61
74 1067 9 1 80
75 1068 9 1 31
76 1069 9 1 26
77 1070 9 1 59
84 1071 9 1 65
85 1072 9 1 29
86 1073 9 1 27
87 1074 9 1 60
88 1075 9 1 26
92 1076 9 1 22
93 1077 9 1 26
94 1078 9 1 57
96 1079 9 1 49
98 1080 9 1 27
104 1081 9 1 46
105 1082 9 1 58
106 1083 9 1 51
107 1084 9 1 21
108 1085 9 1 19
109 1086 9 1 27
110 1087 9 1 29
111 1088 9 1 36
113 1089 9 1 1
118 1090 9 1 25
119 1091 9 1 22
120 1092 9 1 60
133 1093 9 1 17
134 1094 9 1 60
135 1095 9 1 59
136 1096 9 1 24
137 1097 9 1 27
141 1098 9 1 28
142 1099 9 1 86
144 1100 9 1 29
147 1101 9 1 57
150 1102 9 1 23
151 1103 9 1 23
5 1104 10 0 87
30 1105 10 0 170
32 1106 10 0 198
34 1107 10 0 159
41 1108 10 0 89
67 1109 10 0 230
84 1110 10 0 79
90 1111 10 0 108
91 1112 10 0 68
138 1113 10 0 36
139 1114 10 0 65
143 1115 10 0 10
149 1116 10 0 36
5 1117 10 1 66
7 1118 10 1 36
34 1119 10 1 119
49 1120 10 1 179
71 1121 10 1 115
89 1122 10 1 123
91 1123 10 1 104
104 1124 10 1 98
113 1125 10 1 119
138 1126 10 1 74
139 1127 10 1 37
143 1128 10 1 23
149 1129 10 1 159
5 1130 11 0 106
30 1131 11 0 169
32 1132 11 0 205
34 1133 11 0 116
41 1134 11 0 61
67 1135 11 0 128
84 1136 11 0 79
90 1137 11 0 85
91 1138 11 0 57
138 1139 11 0 41
139 1140 11 0 57
5 1141 11 1 70
7 1142 11 1 29
34 1143 11 1 107
49 1144 11 1 95
71 1145 11 1 199
89 1146 11 1 122
91 1147 11 1 141
104 1148 11 1 63
113 1149 11 1 80
138 1150 11 1 31
139 1151 11 1 28
143 1152 11 1 37
149 1153 11 1 71
5 1154 12 0 72
30 1155 12 0 148
41 1156 12 0 99
67 1157 12 0 84
84 1158 12 0 78
91 1159 12 0 74
138 1160 12 0 27
139 1161 12 0 59
5 1162 12 1 57
7 1163 12 1 22
32 1164 12 1 137
33 1165 12 1 104
49 1166 12 1 74
71 1167 12 1 43
89 1168 12 1 101
91 1169 12 1 126
104 1170 12 1 32
113 1171 12 1 74
138 1172 12 1 26
139 1173 12 1 47
143 1174 12 1 33
149 1175 12 1 41
5 1176 13 0 37
30 1177 13 0 101
41 1178 13 0 112
67 1179 13 0 43
84 1180 13 0 53
91 1181 13 0 140
138 1182 13 0 23
5 1183 13 1 63
7 1184 13 1 14
32 1185 13 1 190
49 1186 13 1 61
71 1187 13 1 42
89 1188 13 1 121
104 1189 13 1 33
113 1190 13 1 100
138 1191 13 1 13
139 1192 13 1 52
143 1193 13 1 28
149 1194 13 1 23
