1256
2 7 0 2 13
8 67 0 2 13
13 98 0 2 11
14 105 0 2 10
16 122 0 2 20
18 133 0 2 21
22 160 0 2 12
52 458 0 2 12
53 467 0 2 10
54 475 0 2 13
58 504 0 2 10
59 513 0 2 12
61 521 0 2 12
62 530 0 2 20
63 537 0 2 22
103 878 0 2 8
114 978 0 2 10
123 1045 0 2 12
127 1068 0 2 12
132 1096 0 2 10
8 68 1 0 16
15 114 1 0 32
19 142 1 0 28
20 147 1 0 16
22 161 1 0 16
52 459 1 0 12
54 476 1 0 11
57 496 1 0 32
58 505 1 0 16
61 522 1 0 16
79 684 1 0 13
89 764 1 0 15
100 861 1 0 32
101 866 1 0 13
114 979 1 0 13
122 1037 1 0 20
126 1060 1 0 16
128 1073 1 0 10
131 1088 1 0 16
8 69 1 1 16
14 106 1 1 17
15 115 1 1 32
19 143 1 1 16
20 148 1 1 16
22 162 1 1 16
51 450 1 1 16
52 460 1 1 12
57 497 1 1 32
58 506 1 1 16
61 523 1 1 16
79 685 1 1 13
89 765 1 1 15
101 867 1 1 14
114 980 1 1 14
122 1038 1 1 20
126 1061 1 1 17
128 1074 1 1 30
131 1089 1 1 16
132 1097 1 1 16
1 1 1 2 32
2 8 1 2 49
8 70 1 2 16
13 99 1 2 18
14 107 1 2 16
16 123 1 2 34
18 134 1 2 32
19 144 1 2 33
50 446 1 2 17
51 451 1 2 16
53 468 1 2 14
54 477 1 2 18
59 514 1 2 18
62 531 1 2 32
63 538 1 2 33
103 879 1 2 16
114 981 1 2 15
123 1046 1 2 16
125 1054 1 2 14
127 1069 1 2 13
129 1079 1 2 19
130 1086 1 2 23
8 71 2 0 16
9 78 2 0 32
11 88 2 0 23
13 100 2 0 17
14 108 2 0 14
15 116 2 0 47
17 129 2 0 32
18 135 2 0 16
19 145 2 0 48
20 149 2 0 29
21 155 2 0 45
22 163 2 0 17
51 452 2 0 15
52 461 2 0 16
53 469 2 0 16
54 478 2 0 15
55 484 2 0 32
56 490 2 0 32
57 498 2 0 32
58 507 2 0 16
59 515 2 0 17
61 524 2 0 31
78 678 2 0 27
79 686 2 0 16
80 692 2 0 16
82 702 2 0 16
89 766 2 0 16
100 862 2 0 30
101 868 2 0 16
103 880 2 0 16
114 982 2 0 33
115 988 2 0 31
116 994 2 0 15
117 1000 2 0 15
122 1039 2 0 20
126 1062 2 0 32
128 1075 2 0 13
131 1090 2 0 31
145 1207 2 0 23
8 72 2 1 16
9 79 2 1 16
11 89 2 1 12
15 117 2 1 48
17 130 2 1 33
18 136 2 1 16
19 146 2 1 61
20 150 2 1 34
22 164 2 1 16
52 462 2 1 31
53 470 2 1 16
54 479 2 1 25
55 485 2 1 32
56 491 2 1 32
57 499 2 1 32
58 508 2 1 16
59 516 2 1 14
61 525 2 1 16
78 679 2 1 30
79 687 2 1 17
80 693 2 1 16
82 703 2 1 16
89 767 2 1 32
100 863 2 1 16
101 869 2 1 16
103 881 2 1 16
114 983 2 1 33
115 989 2 1 31
116 995 2 1 16
117 1001 2 1 16
122 1040 2 1 20
126 1063 2 1 32
128 1076 2 1 16
129 1080 2 1 20
131 1091 2 1 32
132 1098 2 1 49
145 1208 2 1 11
1 2 2 2 32
2 9 2 2 50
8 73 2 2 32
13 101 2 2 16
14 109 2 2 32
16 124 2 2 33
18 137 2 2 33
50 447 2 2 18
51 453 2 2 16
62 532 2 2 32
63 539 2 2 33
123 1047 2 2 13
125 1055 2 2 32
127 1070 2 2 15
129 1081 2 2 14
130 1087 2 2 42
1 3 3 0 18
4 22 3 0 27
6 44 3 0 20
8 74 3 0 37
9 80 3 0 39
10 84 3 0 40
11 90 3 0 11
12 94 3 0 60
13 102 3 0 20
14 110 3 0 39
15 118 3 0 60
16 125 3 0 38
17 131 3 0 80
18 138 3 0 19
20 151 3 0 35
21 156 3 0 60
22 165 3 0 35
34 272 3 0 19
35 290 3 0 20
37 314 3 0 22
44 380 3 0 18
46 403 3 0 19
51 454 3 0 37
52 463 3 0 19
53 471 3 0 20
54 480 3 0 20
55 486 3 0 60
56 492 3 0 59
57 500 3 0 40
58 509 3 0 20
59 517 3 0 19
61 526 3 0 20
62 533 3 0 40
63 540 3 0 29
65 554 3 0 19
78 680 3 0 19
79 688 3 0 20
80 694 3 0 18
81 698 3 0 32
82 704 3 0 16
89 768 3 0 38
101 870 3 0 19
102 874 3 0 40
103 882 3 0 21
110 940 3 0 15
114 984 3 0 38
115 990 3 0 30
116 996 3 0 16
117 1002 3 0 15
121 1033 3 0 37
122 1041 3 0 19
123 1048 3 0 18
124 1050 3 0 26
125 1056 3 0 19
126 1064 3 0 40
127 1071 3 0 19
128 1077 3 0 26
129 1082 3 0 19
131 1092 3 0 35
132 1099 3 0 40
145 1209 3 0 18
150 1233 3 0 20
1 4 3 1 18
4 23 3 1 32
6 45 3 1 20
8 75 3 1 36
9 81 3 1 36
10 85 3 1 39
11 91 3 1 24
12 95 3 1 40
13 103 3 1 21
14 111 3 1 21
15 119 3 1 58
16 126 3 1 38
18 139 3 1 18
20 152 3 1 40
21 157 3 1 75
22 166 3 1 17
34 273 3 1 38
35 291 3 1 22
37 315 3 1 29
44 381 3 1 18
46 404 3 1 20
51 455 3 1 20
52 464 3 1 20
53 472 3 1 20
54 481 3 1 21
55 487 3 1 59
56 493 3 1 60
57 501 3 1 40
58 510 3 1 21
59 518 3 1 20
61 527 3 1 20
62 534 3 1 40
63 541 3 1 31
78 681 3 1 40
79 689 3 1 20
80 695 3 1 34
81 699 3 1 32
82 705 3 1 35
89 769 3 1 20
100 864 3 1 41
101 871 3 1 20
102 875 3 1 40
103 883 3 1 20
110 941 3 1 18
114 985 3 1 35
115 991 3 1 29
116 997 3 1 29
117 1003 3 1 16
121 1034 3 1 19
122 1042 3 1 20
124 1051 3 1 20
125 1057 3 1 19
126 1065 3 1 41
128 1078 3 1 13
129 1083 3 1 15
131 1093 3 1 39
132 1100 3 1 20
145 1210 3 1 19
150 1234 3 1 21
2 10 3 2 71
50 448 3 2 37
1 5 4 0 18
4 24 4 0 30
6 46 4 0 20
8 76 4 0 38
9 82 4 0 17
10 86 4 0 40
11 92 4 0 24
12 96 4 0 39
14 112 4 0 19
15 120 4 0 36
16 127 4 0 21
18 140 4 0 17
20 153 4 0 36
21 158 4 0 60
22 167 4 0 15
34 274 4 0 41
35 292 4 0 35
37 316 4 0 25
40 348 4 0 20
44 382 4 0 35
46 405 4 0 20
51 456 4 0 21
52 465 4 0 34
53 473 4 0 20
54 482 4 0 19
55 488 4 0 59
56 494 4 0 60
57 502 4 0 41
58 511 4 0 20
59 519 4 0 20
61 528 4 0 20
62 535 4 0 20
63 542 4 0 33
69 591 4 0 39
78 682 4 0 14
79 690 4 0 19
80 696 4 0 38
81 700 4 0 39
82 706 4 0 39
89 770 4 0 38
93 806 4 0 20
96 834 4 0 16
101 872 4 0 17
102 876 4 0 40
103 884 4 0 15
106 903 4 0 15
108 920 4 0 19
110 942 4 0 20
114 986 4 0 36
115 992 4 0 35
116 998 4 0 29
117 1004 4 0 10
121 1035 4 0 20
122 1043 4 0 20
124 1052 4 0 30
125 1058 4 0 16
126 1066 4 0 40
129 1084 4 0 37
131 1094 4 0 40
132 1101 4 0 59
145 1211 4 0 17
150 1235 4 0 18
1 6 4 1 18
4 25 4 1 30
6 47 4 1 21
8 77 4 1 39
9 83 4 1 37
10 87 4 1 39
11 93 4 1 24
12 97 4 1 54
13 104 4 1 22
14 113 4 1 38
15 121 4 1 40
16 128 4 1 19
17 132 4 1 81
18 141 4 1 21
20 154 4 1 37
21 159 4 1 90
22 168 4 1 31
34 275 4 1 23
35 293 4 1 44
37 317 4 1 34
40 349 4 1 21
44 383 4 1 35
46 406 4 1 20
51 457 4 1 40
52 466 4 1 20
53 474 4 1 20
54 483 4 1 20
55 489 4 1 60
56 495 4 1 60
57 503 4 1 40
58 512 4 1 20
59 520 4 1 20
61 529 4 1 40
62 536 4 1 19
63 543 4 1 36
65 555 4 1 21
69 592 4 1 20
78 683 4 1 54
79 691 4 1 20
80 697 4 1 20
81 701 4 1 40
82 707 4 1 20
89 771 4 1 30
93 807 4 1 38
96 835 4 1 17
100 865 4 1 18
101 873 4 1 20
102 877 4 1 40
103 885 4 1 18
106 904 4 1 16
110 943 4 1 20
114 987 4 1 20
115 993 4 1 36
116 999 4 1 15
117 1005 4 1 20
121 1036 4 1 38
122 1044 4 1 21
123 1049 4 1 16
124 1053 4 1 30
125 1059 4 1 17
126 1067 4 1 41
127 1072 4 1 14
129 1085 4 1 20
131 1095 4 1 40
145 1212 4 1 33
150 1236 4 1 28
2 11 4 2 64
50 449 4 2 22
3 12 5 0 19
4 26 5 0 40
6 48 5 0 40
7 58 5 0 17
23 169 5 0 15
24 179 5 0 20
25 189 5 0 17
26 198 5 0 32
27 208 5 0 24
28 218 5 0 22
29 228 5 0 58
31 247 5 0 57
33 261 5 0 78
34 276 5 0 49
35 294 5 0 43
36 304 5 0 20
37 318 5 0 37
38 328 5 0 28
39 338 5 0 60
40 350 5 0 38
42 370 5 0 93
44 384 5 0 60
45 394 5 0 20
46 407 5 0 36
47 416 5 0 20
48 426 5 0 41
49 436 5 0 61
64 544 5 0 21
65 556 5 0 17
66 566 5 0 40
69 593 5 0 40
70 603 5 0 28
71 613 5 0 57
72 622 5 0 53
73 632 5 0 20
74 642 5 0 83
75 648 5 0 20
76 658 5 0 39
77 668 5 0 59
83 708 5 0 21
85 724 5 0 43
86 734 5 0 41
87 744 5 0 37
88 754 5 0 19
89 772 5 0 39
92 796 5 0 31
93 808 5 0 31
94 818 5 0 39
96 836 5 0 35
98 852 5 0 18
104 886 5 0 22
105 895 5 0 28
106 905 5 0 30
107 911 5 0 19
109 930 5 0 17
110 944 5 0 19
111 952 5 0 24
113 968 5 0 41
118 1006 5 0 22
119 1016 5 0 18
120 1026 5 0 58
134 1111 5 0 21
135 1121 5 0 59
136 1127 5 0 21
137 1137 5 0 19
141 1167 5 0 16
142 1177 5 0 58
143 1187 5 0 22
144 1197 5 0 14
147 1213 5 0 40
149 1223 5 0 38
150 1237 5 0 17
151 1247 5 0 19
3 13 5 1 21
4 27 5 1 39
6 49 5 1 19
23 170 5 1 16
24 180 5 1 20
25 190 5 1 20
26 199 5 1 20
27 209 5 1 23
28 219 5 1 20
29 229 5 1 40
30 238 5 1 57
31 248 5 1 53
33 262 5 1 78
34 277 5 1 54
35 295 5 1 43
36 305 5 1 20
37 319 5 1 57
38 329 5 1 19
39 339 5 1 42
40 351 5 1 20
41 360 5 1 39
42 371 5 1 98
44 385 5 1 61
45 395 5 1 20
46 408 5 1 21
47 417 5 1 35
48 427 5 1 20
64 545 5 1 40
65 557 5 1 20
66 567 5 1 20
67 576 5 1 81
68 585 5 1 100
69 594 5 1 39
70 604 5 1 49
72 623 5 1 35
73 633 5 1 41
75 649 5 1 40
76 659 5 1 39
77 669 5 1 60
83 709 5 1 58
84 715 5 1 37
85 725 5 1 19
86 735 5 1 40
87 745 5 1 38
88 755 5 1 33
89 773 5 1 36
90 782 5 1 34
92 797 5 1 16
93 809 5 1 37
94 819 5 1 63
95 828 5 1 69
96 837 5 1 21
97 846 5 1 58
98 853 5 1 21
105 896 5 1 12
107 912 5 1 23
108 921 5 1 20
109 931 5 1 18
110 945 5 1 17
111 953 5 1 35
112 962 5 1 60
118 1007 5 1 19
119 1017 5 1 19
120 1027 5 1 20
133 1102 5 1 18
134 1112 5 1 96
136 1128 5 1 20
137 1138 5 1 18
140 1162 5 1 42
141 1168 5 1 38
142 1178 5 1 57
144 1198 5 1 32
147 1214 5 1 43
150 1238 5 1 35
151 1248 5 1 19
3 14 6 0 20
4 28 6 0 65
6 50 6 0 25
7 59 6 0 13
23 171 6 0 45
24 181 6 0 25
25 191 6 0 22
26 200 6 0 17
27 210 6 0 17
28 220 6 0 25
29 230 6 0 50
31 249 6 0 49
33 263 6 0 69
34 278 6 0 66
35 296 6 0 46
36 306 6 0 20
37 320 6 0 35
38 330 6 0 39
39 340 6 0 74
40 352 6 0 25
42 372 6 0 75
44 386 6 0 64
45 396 6 0 25
46 409 6 0 24
47 418 6 0 24
48 428 6 0 49
49 437 6 0 73
64 546 6 0 71
65 558 6 0 21
66 568 6 0 49
69 595 6 0 26
70 605 6 0 43
71 614 6 0 71
72 624 6 0 71
73 634 6 0 25
74 643 6 0 86
75 650 6 0 45
76 660 6 0 19
77 670 6 0 68
85 726 6 0 24
86 736 6 0 54
87 746 6 0 38
88 756 6 0 34
89 774 6 0 76
92 798 6 0 22
93 810 6 0 22
94 820 6 0 50
96 838 6 0 33
98 854 6 0 25
104 887 6 0 41
105 897 6 0 26
106 906 6 0 39
107 913 6 0 22
108 922 6 0 13
109 932 6 0 19
110 946 6 0 17
111 954 6 0 28
113 969 6 0 48
118 1008 6 0 17
119 1018 6 0 23
120 1028 6 0 73
133 1103 6 0 21
134 1113 6 0 63
135 1122 6 0 48
136 1129 6 0 23
137 1139 6 0 23
141 1169 6 0 40
142 1179 6 0 63
143 1188 6 0 28
144 1199 6 0 22
147 1215 6 0 50
149 1224 6 0 42
150 1239 6 0 21
151 1249 6 0 21
3 15 6 1 45
4 29 6 1 30
6 51 6 1 24
23 172 6 1 21
24 182 6 1 24
25 192 6 1 25
26 201 6 1 32
27 211 6 1 47
28 221 6 1 23
29 231 6 1 47
30 239 6 1 73
31 250 6 1 48
33 264 6 1 77
34 279 6 1 75
35 297 6 1 76
36 307 6 1 20
37 321 6 1 45
38 331 6 1 19
39 341 6 1 78
40 353 6 1 26
41 361 6 1 46
42 373 6 1 75
44 387 6 1 92
45 397 6 1 45
46 410 6 1 24
47 419 6 1 25
48 429 6 1 44
64 547 6 1 25
65 559 6 1 22
66 569 6 1 25
67 577 6 1 70
68 586 6 1 120
69 596 6 1 25
70 606 6 1 44
72 625 6 1 58
73 635 6 1 50
75 651 6 1 23
76 661 6 1 40
77 671 6 1 50
83 710 6 1 90
84 716 6 1 47
85 727 6 1 45
86 737 6 1 49
87 747 6 1 46
88 757 6 1 23
90 783 6 1 47
92 799 6 1 21
93 811 6 1 59
94 821 6 1 51
95 829 6 1 88
96 839 6 1 42
97 847 6 1 73
98 855 6 1 48
105 898 6 1 25
107 914 6 1 23
108 923 6 1 15
109 933 6 1 20
110 947 6 1 19
111 955 6 1 23
112 963 6 1 52
118 1009 6 1 22
119 1019 6 1 24
133 1104 6 1 18
134 1114 6 1 91
136 1130 6 1 20
137 1140 6 1 26
140 1163 6 1 47
141 1170 6 1 22
142 1180 6 1 70
144 1200 6 1 24
147 1216 6 1 50
150 1240 6 1 35
151 1250 6 1 49
3 16 7 0 25
4 30 7 0 46
6 52 7 0 24
7 60 7 0 21
23 173 7 0 23
24 183 7 0 24
26 202 7 0 20
27 212 7 0 26
28 222 7 0 24
29 232 7 0 25
31 251 7 0 49
33 265 7 0 97
34 280 7 0 73
35 298 7 0 27
36 308 7 0 25
37 322 7 0 51
38 332 7 0 24
39 342 7 0 77
40 354 7 0 23
41 362 7 0 25
42 374 7 0 93
44 388 7 0 71
45 398 7 0 45
46 411 7 0 19
47 420 7 0 38
48 430 7 0 50
49 438 7 0 116
64 548 7 0 47
65 560 7 0 14
66 570 7 0 49
68 587 7 0 76
69 597 7 0 23
70 607 7 0 45
71 615 7 0 47
72 626 7 0 95
73 636 7 0 63
74 644 7 0 24
75 652 7 0 24
76 662 7 0 26
77 672 7 0 50
83 711 7 0 39
85 728 7 0 25
86 738 7 0 24
87 748 7 0 69
88 758 7 0 48
89 775 7 0 75
92 800 7 0 18
93 812 7 0 43
94 822 7 0 51
95 830 7 0 58
96 840 7 0 24
97 848 7 0 72
98 856 7 0 13
104 888 7 0 30
105 899 7 0 16
106 907 7 0 22
107 915 7 0 26
108 924 7 0 12
109 934 7 0 20
110 948 7 0 19
111 956 7 0 29
112 964 7 0 45
113 970 7 0 50
118 1010 7 0 24
119 1020 7 0 18
120 1029 7 0 25
133 1105 7 0 18
134 1115 7 0 25
135 1123 7 0 25
136 1131 7 0 21
137 1141 7 0 39
140 1164 7 0 42
141 1171 7 0 27
142 1181 7 0 81
143 1189 7 0 36
144 1201 7 0 19
147 1217 7 0 51
149 1225 7 0 25
150 1241 7 0 24
151 1251 7 0 23
3 17 7 1 26
4 31 7 1 48
6 53 7 1 45
23 174 7 1 23
24 184 7 1 25
25 193 7 1 24
26 203 7 1 39
27 213 7 1 23
28 223 7 1 21
29 233 7 1 72
30 240 7 1 90
31 252 7 1 61
33 266 7 1 95
34 281 7 1 80
35 299 7 1 54
36 309 7 1 25
37 323 7 1 53
38 333 7 1 44
39 343 7 1 77
40 355 7 1 25
41 363 7 1 53
42 375 7 1 77
44 389 7 1 76
46 412 7 1 24
47 421 7 1 33
48 431 7 1 50
64 549 7 1 24
65 561 7 1 20
66 571 7 1 46
67 578 7 1 75
68 588 7 1 24
69 598 7 1 41
70 608 7 1 46
72 627 7 1 102
73 637 7 1 21
74 645 7 1 52
75 653 7 1 25
76 663 7 1 25
77 673 7 1 73
83 712 7 1 51
84 717 7 1 31
85 729 7 1 44
86 739 7 1 45
87 749 7 1 52
88 759 7 1 23
90 784 7 1 25
92 801 7 1 20
93 813 7 1 27
94 823 7 1 28
95 831 7 1 53
96 841 7 1 25
97 849 7 1 24
105 900 7 1 25
106 908 7 1 40
108 925 7 1 15
109 935 7 1 24
110 949 7 1 19
111 957 7 1 22
112 965 7 1 24
118 1011 7 1 22
119 1021 7 1 20
120 1030 7 1 48
133 1106 7 1 19
134 1116 7 1 71
135 1124 7 1 49
136 1132 7 1 18
137 1142 7 1 46
141 1172 7 1 24
142 1182 7 1 73
144 1202 7 1 24
147 1218 7 1 43
150 1242 7 1 26
151 1252 7 1 23
3 18 8 0 22
4 32 8 0 33
6 54 8 0 27
7 61 8 0 10
23 175 8 0 29
24 185 8 0 23
25 194 8 0 13
26 204 8 0 47
27 214 8 0 30
28 224 8 0 28
29 234 8 0 50
31 253 8 0 29
33 267 8 0 98
34 282 8 0 61
35 300 8 0 43
36 310 8 0 29
37 324 8 0 32
38 334 8 0 32
39 344 8 0 66
40 356 8 0 24
42 376 8 0 62
44 390 8 0 50
45 399 8 0 30
46 413 8 0 23
47 422 8 0 29
48 432 8 0 30
49 439 8 0 66
64 550 8 0 30
65 562 8 0 20
66 572 8 0 32
68 589 8 0 85
69 599 8 0 26
70 609 8 0 43
71 616 8 0 57
72 628 8 0 71
73 638 8 0 57
75 654 8 0 28
76 664 8 0 25
77 674 8 0 54
83 713 8 0 80
85 730 8 0 32
86 740 8 0 54
87 750 8 0 31
88 760 8 0 27
89 776 8 0 85
92 802 8 0 26
93 814 8 0 41
94 824 8 0 54
95 832 8 0 113
96 842 8 0 22
97 850 8 0 78
98 857 8 0 26
104 889 8 0 38
105 901 8 0 28
107 916 8 0 18
108 926 8 0 9
109 936 8 0 23
110 950 8 0 26
111 958 8 0 26
112 966 8 0 59
113 971 8 0 60
118 1012 8 0 22
119 1022 8 0 21
133 1107 8 0 18
134 1117 8 0 58
136 1133 8 0 20
137 1143 8 0 26
140 1165 8 0 30
141 1173 8 0 23
142 1183 8 0 48
143 1190 8 0 27
144 1203 8 0 18
147 1219 8 0 56
149 1226 8 0 28
150 1243 8 0 23
151 1253 8 0 24
3 19 8 1 29
4 33 8 1 53
6 55 8 1 29
23 176 8 1 56
24 186 8 1 25
25 195 8 1 17
26 205 8 1 16
27 215 8 1 27
28 225 8 1 18
29 235 8 1 30
30 241 8 1 57
31 254 8 1 56
33 268 8 1 84
34 283 8 1 62
35 301 8 1 51
36 311 8 1 29
37 325 8 1 52
38 335 8 1 29
39 345 8 1 64
40 357 8 1 42
41 364 8 1 61
42 377 8 1 87
44 391 8 1 73
45 400 8 1 50
46 414 8 1 22
47 423 8 1 30
48 433 8 1 59
64 551 8 1 51
65 563 8 1 21
66 573 8 1 51
67 579 8 1 60
69 600 8 1 31
70 610 8 1 46
72 629 8 1 100
73 639 8 1 30
74 646 8 1 81
75 655 8 1 29
76 665 8 1 23
77 675 8 1 57
84 718 8 1 30
85 731 8 1 44
86 741 8 1 56
87 751 8 1 57
88 761 8 1 26
90 785 8 1 27
92 803 8 1 22
93 815 8 1 27
94 825 8 1 57
96 843 8 1 21
98 858 8 1 23
106 909 8 1 40
107 917 8 1 20
108 927 8 1 14
109 937 8 1 22
111 959 8 1 24
118 1013 8 1 23
119 1023 8 1 22
120 1031 8 1 61
133 1108 8 1 21
134 1118 8 1 61
135 1125 8 1 58
136 1134 8 1 22
137 1144 8 1 27
141 1174 8 1 28
142 1184 8 1 84
144 1204 8 1 24
147 1220 8 1 51
150 1244 8 1 24
151 1254 8 1 23
3 20 9 0 30
4 34 9 0 31
6 56 9 0 30
7 62 9 0 18
23 177 9 0 23
24 187 9 0 29
25 196 9 0 30
26 206 9 0 29
27 216 9 0 30
28 226 9 0 22
29 236 9 0 52
31 255 9 0 74
33 269 9 0 109
34 284 9 0 60
35 302 9 0 33
36 312 9 0 30
37 326 9 0 33
38 336 9 0 30
39 346 9 0 61
40 358 9 0 22
42 378 9 0 87
44 392 9 0 69
45 401 9 0 30
47 424 9 0 30
48 434 9 0 60
49 440 9 0 49
64 552 9 0 30
65 564 9 0 24
66 574 9 0 31
68 590 9 0 78
69 601 9 0 29
70 611 9 0 59
71 617 9 0 29
72 630 9 0 87
73 640 9 0 32
75 656 9 0 32
76 666 9 0 25
77 676 9 0 54
83 714 9 0 91
85 732 9 0 28
86 742 9 0 57
87 752 9 0 59
88 762 9 0 23
89 777 9 0 89
90 786 9 0 35
92 804 9 0 21
93 816 9 0 26
94 826 9 0 58
95 833 9 0 90
96 844 9 0 22
97 851 9 0 58
98 859 9 0 23
107 918 9 0 18
108 928 9 0 16
109 938 9 0 22
111 960 9 0 13
112 967 9 0 58
113 972 9 0 56
118 1014 9 0 32
119 1024 9 0 25
133 1109 9 0 20
134 1119 9 0 55
136 1135 9 0 24
137 1145 9 0 26
140 1166 9 0 27
141 1175 9 0 27
142 1185 9 0 85
143 1191 9 0 33
144 1205 9 0 30
147 1221 9 0 60
149 1227 9 0 26
150 1245 9 0 25
151 1255 9 0 24
3 21 9 1 25
4 35 9 1 59
6 57 9 1 28
23 178 9 1 25
24 188 9 1 27
25 197 9 1 29
26 207 9 1 30
27 217 9 1 30
28 227 9 1 29
29 237 9 1 28
30 242 9 1 86
31 256 9 1 30
33 270 9 1 59
34 285 9 1 63
35 303 9 1 63
36 313 9 1 30
37 327 9 1 34
38 337 9 1 26
39 347 9 1 91
40 359 9 1 26
41 365 9 1 60
42 379 9 1 94
44 393 9 1 52
45 402 9 1 30
46 415 9 1 25
47 425 9 1 30
48 435 9 1 59
49 441 9 1 53
64 553 9 1 60
65 565 9 1 23
66 575 9 1 27
67 580 9 1 83
69 602 9 1 26
70 612 9 1 30
72 631 9 1 88
73 641 9 1 61
74 647 9 1 80
75 657 9 1 31
76 667 9 1 26
77 677 9 1 59
84 719 9 1 65
85 733 9 1 29
86 743 9 1 27
87 753 9 1 60
88 763 9 1 26
92 805 9 1 22
93 817 9 1 26
94 827 9 1 57
96 845 9 1 49
98 860 9 1 27
104 890 9 1 46
105 902 9 1 58
106 910 9 1 51
107 919 9 1 21
108 929 9 1 19
109 939 9 1 27
110 951 9 1 29
111 961 9 1 36
113 973 9 1 1
118 1015 9 1 25
119 1025 9 1 22
120 1032 9 1 60
133 1110 9 1 17
134 1120 9 1 60
135 1126 9 1 59
136 1136 9 1 24
137 1146 9 1 27
141 1176 9 1 28
142 1186 9 1 86
144 1206 9 1 29
147 1222 9 1 57
150 1246 9 1 23
151 1256 9 1 23
5 36 10 0 87
30 243 10 0 170
32 257 10 0 198
34 286 10 0 159
41 366 10 0 89
67 581 10 0 230
84 720 10 0 79
90 787 10 0 108
91 789 10 0 68
138 1147 10 0 36
139 1155 10 0 65
143 1192 10 0 10
149 1228 10 0 36
5 37 10 1 66
7 63 10 1 36
34 287 10 1 119
49 442 10 1 179
71 618 10 1 115
89 778 10 1 123
91 790 10 1 104
104 891 10 1 98
113 974 10 1 119
138 1148 10 1 74
139 1156 10 1 37
143 1193 10 1 23
149 1229 10 1 159
5 38 11 0 106
30 244 11 0 169
32 258 11 0 205
34 288 11 0 116
41 367 11 0 61
67 582 11 0 128
84 721 11 0 79
90 788 11 0 85
91 791 11 0 57
138 1149 11 0 41
139 1157 11 0 57
5 39 11 1 70
7 64 11 1 29
34 289 11 1 107
49 443 11 1 95
71 619 11 1 199
89 779 11 1 122
91 792 11 1 141
104 892 11 1 63
113 975 11 1 80
138 1150 11 1 31
139 1158 11 1 28
143 1194 11 1 37
149 1230 11 1 71
5 40 12 0 72
30 245 12 0 148
41 368 12 0 99
67 583 12 0 84
84 722 12 0 78
91 793 12 0 74
138 1151 12 0 27
139 1159 12 0 59
5 41 12 1 57
7 65 12 1 22
32 259 12 1 137
33 271 12 1 104
49 444 12 1 74
71 620 12 1 43
89 780 12 1 101
91 794 12 1 126
104 893 12 1 32
113 976 12 1 74
138 1152 12 1 26
139 1160 12 1 47
143 1195 12 1 33
149 1231 12 1 41
5 42 13 0 37
30 246 13 0 101
41 369 13 0 112
67 584 13 0 43
84 723 13 0 53
91 795 13 0 140
138 1153 13 0 23
5 43 13 1 63
7 66 13 1 14
32 260 13 1 190
49 445 13 1 61
71 621 13 1 42
89 781 13 1 121
104 894 13 1 33
113 977 13 1 100
138 1154 13 1 13
139 1161 13 1 52
143 1196 13 1 28
149 1232 13 1 23
