1256
1 1 1 2 32
1 2 2 2 32
1 3 3 0 18
1 4 3 1 18
1 5 4 0 18
1 6 4 1 18
2 7 0 2 13
2 8 1 2 49
2 9 2 2 50
2 10 3 2 71
2 11 4 2 64
3 12 5 0 19
3 13 5 1 21
3 14 6 0 20
3 15 6 1 45
3 16 7 0 25
3 17 7 1 26
3 18 8 0 22
3 19 8 1 29
3 20 9 0 30
3 21 9 1 25
4 22 3 0 27
4 23 3 1 32
4 24 4 0 30
4 25 4 1 30
4 26 5 0 40
4 27 5 1 39
4 28 6 0 65
4 29 6 1 30
4 30 7 0 46
4 31 7 1 48
4 32 8 0 33
4 33 8 1 53
4 34 9 0 31
4 35 9 1 59
5 36 10 0 87
5 37 10 1 66
5 38 11 0 106
5 39 11 1 70
5 40 12 0 72
5 41 12 1 57
5 42 13 0 37
5 43 13 1 63
6 44 3 0 20
6 45 3 1 20
6 46 4 0 20
6 47 4 1 21
6 48 5 0 40
6 49 5 1 19
6 50 6 0 25
6 51 6 1 24
6 52 7 0 24
6 53 7 1 45
6 54 8 0 27
6 55 8 1 29
6 56 9 0 30
6 57 9 1 28
7 58 5 0 17
7 59 6 0 13
7 60 7 0 21
7 61 8 0 10
7 62 9 0 18
7 63 10 1 36
7 64 11 1 29
7 65 12 1 22
7 66 13 1 14
8 67 0 2 13
8 68 1 0 16
8 69 1 1 16
8 70 1 2 16
8 71 2 0 16
8 72 2 1 16
8 73 2 2 32
8 74 3 0 37
8 75 3 1 36
8 76 4 0 38
8 77 4 1 39
9 78 2 0 32
9 79 2 1 16
9 80 3 0 39
9 81 3 1 36
9 82 4 0 17
9 83 4 1 37
10 84 3 0 40
10 85 3 1 39
10 86 4 0 40
10 87 4 1 39
11 88 2 0 23
11 89 2 1 12
11 90 3 0 11
11 91 3 1 24
11 92 4 0 24
11 93 4 1 24
12 94 3 0 60
12 95 3 1 40
12 96 4 0 39
12 97 4 1 54
13 98 0 2 11
13 99 1 2 18
13 100 2 0 17
13 101 2 2 16
13 102 3 0 20
13 103 3 1 21
13 104 4 1 22
14 105 0 2 10
14 106 1 1 17
14 107 1 2 16
14 108 2 0 14
14 109 2 2 32
14 110 3 0 39
14 111 3 1 21
14 112 4 0 19
14 113 4 1 38
15 114 1 0 32
15 115 1 1 32
15 116 2 0 47
15 117 2 1 48
15 118 3 0 60
15 119 3 1 58
15 120 4 0 36
15 121 4 1 40
16 122 0 2 20
16 123 1 2 34
16 124 2 2 33
16 125 3 0 38
16 126 3 1 38
16 127 4 0 21
16 128 4 1 19
17 129 2 0 32
17 130 2 1 33
17 131 3 0 80
17 132 4 1 81
18 133 0 2 21
18 134 1 2 32
18 135 2 0 16
18 136 2 1 16
18 137 2 2 33
18 138 3 0 19
18 139 3 1 18
18 140 4 0 17
18 141 4 1 21
19 142 1 0 28
19 143 1 1 16
19 144 1 2 33
19 145 2 0 48
19 146 2 1 61
20 147 1 0 16
20 148 1 1 16
20 149 2 0 29
20 150 2 1 34
20 151 3 0 35
20 152 3 1 40
20 153 4 0 36
20 154 4 1 37
21 155 2 0 45
21 156 3 0 60
21 157 3 1 75
21 158 4 0 60
21 159 4 1 90
22 160 0 2 12
22 161 1 0 16
22 162 1 1 16
22 163 2 0 17
22 164 2 1 16
22 165 3 0 35
22 166 3 1 17
22 167 4 0 15
22 168 4 1 31
23 169 5 0 15
23 170 5 1 16
23 171 6 0 45
23 172 6 1 21
23 173 7 0 23
23 174 7 1 23
23 175 8 0 29
23 176 8 1 56
23 177 9 0 23
23 178 9 1 25
24 179 5 0 20
24 180 5 1 20
24 181 6 0 25
24 182 6 1 24
24 183 7 0 24
24 184 7 1 25
24 185 8 0 23
24 186 8 1 25
24 187 9 0 29
24 188 9 1 27
25 189 5 0 17
25 190 5 1 20
25 191 6 0 22
25 192 6 1 25
25 193 7 1 24
25 194 8 0 13
25 195 8 1 17
25 196 9 0 30
25 197 9 1 29
26 198 5 0 32
26 199 5 1 20
26 200 6 0 17
26 201 6 1 32
26 202 7 0 20
26 203 7 1 39
26 204 8 0 47
26 205 8 1 16
26 206 9 0 29
26 207 9 1 30
27 208 5 0 24
27 209 5 1 23
27 210 6 0 17
27 211 6 1 47
27 212 7 0 26
27 213 7 1 23
27 214 8 0 30
27 215 8 1 27
27 216 9 0 30
27 217 9 1 30
28 218 5 0 22
28 219 5 1 20
28 220 6 0 25
28 221 6 1 23
28 222 7 0 24
28 223 7 1 21
28 224 8 0 28
28 225 8 1 18
28 226 9 0 22
28 227 9 1 29
29 228 5 0 58
29 229 5 1 40
29 230 6 0 50
29 231 6 1 47
29 232 7 0 25
29 233 7 1 72
29 234 8 0 50
29 235 8 1 30
29 236 9 0 52
29 237 9 1 28
30 238 5 1 57
30 239 6 1 73
30 240 7 1 90
30 241 8 1 57
30 242 9 1 86
30 243 10 0 170
30 244 11 0 169
30 245 12 0 148
30 246 13 0 101
31 247 5 0 57
31 248 5 1 53
31 249 6 0 49
31 250 6 1 48
31 251 7 0 49
31 252 7 1 61
31 253 8 0 29
31 254 8 1 56
31 255 9 0 74
31 256 9 1 30
32 257 10 0 198
32 258 11 0 205
32 259 12 1 137
32 260 13 1 190
33 261 5 0 78
33 262 5 1 78
33 263 6 0 69
33 264 6 1 77
33 265 7 0 97
33 266 7 1 95
33 267 8 0 98
33 268 8 1 84
33 269 9 0 109
33 270 9 1 59
33 271 12 1 104
34 272 3 0 19
34 273 3 1 38
34 274 4 0 41
34 275 4 1 23
34 276 5 0 49
34 277 5 1 54
34 278 6 0 66
34 279 6 1 75
34 280 7 0 73
34 281 7 1 80
34 282 8 0 61
34 283 8 1 62
34 284 9 0 60
34 285 9 1 63
34 286 10 0 159
34 287 10 1 119
34 288 11 0 116
34 289 11 1 107
35 290 3 0 20
35 291 3 1 22
35 292 4 0 35
35 293 4 1 44
35 294 5 0 43
35 295 5 1 43
35 296 6 0 46
35 297 6 1 76
35 298 7 0 27
35 299 7 1 54
35 300 8 0 43
35 301 8 1 51
35 302 9 0 33
35 303 9 1 63
36 304 5 0 20
36 305 5 1 20
36 306 6 0 20
36 307 6 1 20
36 308 7 0 25
36 309 7 1 25
36 310 8 0 29
36 311 8 1 29
36 312 9 0 30
36 313 9 1 30
37 314 3 0 22
37 315 3 1 29
37 316 4 0 25
37 317 4 1 34
37 318 5 0 37
37 319 5 1 57
37 320 6 0 35
37 321 6 1 45
37 322 7 0 51
37 323 7 1 53
37 324 8 0 32
37 325 8 1 52
37 326 9 0 33
37 327 9 1 34
38 328 5 0 28
38 329 5 1 19
38 330 6 0 39
38 331 6 1 19
38 332 7 0 24
38 333 7 1 44
38 334 8 0 32
38 335 8 1 29
38 336 9 0 30
38 337 9 1 26
39 338 5 0 60
39 339 5 1 42
39 340 6 0 74
39 341 6 1 78
39 342 7 0 77
39 343 7 1 77
39 344 8 0 66
39 345 8 1 64
39 346 9 0 61
39 347 9 1 91
40 348 4 0 20
40 349 4 1 21
40 350 5 0 38
40 351 5 1 20
40 352 6 0 25
40 353 6 1 26
40 354 7 0 23
40 355 7 1 25
40 356 8 0 24
40 357 8 1 42
40 358 9 0 22
40 359 9 1 26
41 360 5 1 39
41 361 6 1 46
41 362 7 0 25
41 363 7 1 53
41 364 8 1 61
41 365 9 1 60
41 366 10 0 89
41 367 11 0 61
41 368 12 0 99
41 369 13 0 112
42 370 5 0 93
42 371 5 1 98
42 372 6 0 75
42 373 6 1 75
42 374 7 0 93
42 375 7 1 77
42 376 8 0 62
42 377 8 1 87
42 378 9 0 87
42 379 9 1 94
44 380 3 0 18
44 381 3 1 18
44 382 4 0 35
44 383 4 1 35
44 384 5 0 60
44 385 5 1 61
44 386 6 0 64
44 387 6 1 92
44 388 7 0 71
44 389 7 1 76
44 390 8 0 50
44 391 8 1 73
44 392 9 0 69
44 393 9 1 52
45 394 5 0 20
45 395 5 1 20
45 396 6 0 25
45 397 6 1 45
45 398 7 0 45
45 399 8 0 30
45 400 8 1 50
45 401 9 0 30
45 402 9 1 30
46 403 3 0 19
46 404 3 1 20
46 405 4 0 20
46 406 4 1 20
46 407 5 0 36
46 408 5 1 21
46 409 6 0 24
46 410 6 1 24
46 411 7 0 19
46 412 7 1 24
46 413 8 0 23
46 414 8 1 22
46 415 9 1 25
47 416 5 0 20
47 417 5 1 35
47 418 6 0 24
47 419 6 1 25
47 420 7 0 38
47 421 7 1 33
47 422 8 0 29
47 423 8 1 30
47 424 9 0 30
47 425 9 1 30
48 426 5 0 41
48 427 5 1 20
48 428 6 0 49
48 429 6 1 44
48 430 7 0 50
48 431 7 1 50
48 432 8 0 30
48 433 8 1 59
48 434 9 0 60
48 435 9 1 59
49 436 5 0 61
49 437 6 0 73
49 438 7 0 116
49 439 8 0 66
49 440 9 0 49
49 441 9 1 53
49 442 10 1 179
49 443 11 1 95
49 444 12 1 74
49 445 13 1 61
50 446 1 2 17
50 447 2 2 18
50 448 3 2 37
50 449 4 2 22
51 450 1 1 16
51 451 1 2 16
51 452 2 0 15
51 453 2 2 16
51 454 3 0 37
51 455 3 1 20
51 456 4 0 21
51 457 4 1 40
52 458 0 2 12
52 459 1 0 12
52 460 1 1 12
52 461 2 0 16
52 462 2 1 31
52 463 3 0 19
52 464 3 1 20
52 465 4 0 34
52 466 4 1 20
53 467 0 2 10
53 468 1 2 14
53 469 2 0 16
53 470 2 1 16
53 471 3 0 20
53 472 3 1 20
53 473 4 0 20
53 474 4 1 20
54 475 0 2 13
54 476 1 0 11
54 477 1 2 18
54 478 2 0 15
54 479 2 1 25
54 480 3 0 20
54 481 3 1 21
54 482 4 0 19
54 483 4 1 20
55 484 2 0 32
55 485 2 1 32
55 486 3 0 60
55 487 3 1 59
55 488 4 0 59
55 489 4 1 60
56 490 2 0 32
56 491 2 1 32
56 492 3 0 59
56 493 3 1 60
56 494 4 0 60
56 495 4 1 60
57 496 1 0 32
57 497 1 1 32
57 498 2 0 32
57 499 2 1 32
57 500 3 0 40
57 501 3 1 40
57 502 4 0 41
57 503 4 1 40
58 504 0 2 10
58 505 1 0 16
58 506 1 1 16
58 507 2 0 16
58 508 2 1 16
58 509 3 0 20
58 510 3 1 21
58 511 4 0 20
58 512 4 1 20
59 513 0 2 12
59 514 1 2 18
59 515 2 0 17
59 516 2 1 14
59 517 3 0 19
59 518 3 1 20
59 519 4 0 20
59 520 4 1 20
61 521 0 2 12
61 522 1 0 16
61 523 1 1 16
61 524 2 0 31
61 525 2 1 16
61 526 3 0 20
61 527 3 1 20
61 528 4 0 20
61 529 4 1 40
62 530 0 2 20
62 531 1 2 32
62 532 2 2 32
62 533 3 0 40
62 534 3 1 40
62 535 4 0 20
62 536 4 1 19
63 537 0 2 22
63 538 1 2 33
63 539 2 2 33
63 540 3 0 29
63 541 3 1 31
63 542 4 0 33
63 543 4 1 36
64 544 5 0 21
64 545 5 1 40
64 546 6 0 71
64 547 6 1 25
64 548 7 0 47
64 549 7 1 24
64 550 8 0 30
64 551 8 1 51
64 552 9 0 30
64 553 9 1 60
65 554 3 0 19
65 555 4 1 21
65 556 5 0 17
65 557 5 1 20
65 558 6 0 21
65 559 6 1 22
65 560 7 0 14
65 561 7 1 20
65 562 8 0 20
65 563 8 1 21
65 564 9 0 24
65 565 9 1 23
66 566 5 0 40
66 567 5 1 20
66 568 6 0 49
66 569 6 1 25
66 570 7 0 49
66 571 7 1 46
66 572 8 0 32
66 573 8 1 51
66 574 9 0 31
66 575 9 1 27
67 576 5 1 81
67 577 6 1 70
67 578 7 1 75
67 579 8 1 60
67 580 9 1 83
67 581 10 0 230
67 582 11 0 128
67 583 12 0 84
67 584 13 0 43
68 585 5 1 100
68 586 6 1 120
68 587 7 0 76
68 588 7 1 24
68 589 8 0 85
68 590 9 0 78
69 591 4 0 39
69 592 4 1 20
69 593 5 0 40
69 594 5 1 39
69 595 6 0 26
69 596 6 1 25
69 597 7 0 23
69 598 7 1 41
69 599 8 0 26
69 600 8 1 31
69 601 9 0 29
69 602 9 1 26
70 603 5 0 28
70 604 5 1 49
70 605 6 0 43
70 606 6 1 44
70 607 7 0 45
70 608 7 1 46
70 609 8 0 43
70 610 8 1 46
70 611 9 0 59
70 612 9 1 30
71 613 5 0 57
71 614 6 0 71
71 615 7 0 47
71 616 8 0 57
71 617 9 0 29
71 618 10 1 115
71 619 11 1 199
71 620 12 1 43
71 621 13 1 42
72 622 5 0 53
72 623 5 1 35
72 624 6 0 71
72 625 6 1 58
72 626 7 0 95
72 627 7 1 102
72 628 8 0 71
72 629 8 1 100
72 630 9 0 87
72 631 9 1 88
73 632 5 0 20
73 633 5 1 41
73 634 6 0 25
73 635 6 1 50
73 636 7 0 63
73 637 7 1 21
73 638 8 0 57
73 639 8 1 30
73 640 9 0 32
73 641 9 1 61
74 642 5 0 83
74 643 6 0 86
74 644 7 0 24
74 645 7 1 52
74 646 8 1 81
74 647 9 1 80
75 648 5 0 20
75 649 5 1 40
75 650 6 0 45
75 651 6 1 23
75 652 7 0 24
75 653 7 1 25
75 654 8 0 28
75 655 8 1 29
75 656 9 0 32
75 657 9 1 31
76 658 5 0 39
76 659 5 1 39
76 660 6 0 19
76 661 6 1 40
76 662 7 0 26
76 663 7 1 25
76 664 8 0 25
76 665 8 1 23
76 666 9 0 25
76 667 9 1 26
77 668 5 0 59
77 669 5 1 60
77 670 6 0 68
77 671 6 1 50
77 672 7 0 50
77 673 7 1 73
77 674 8 0 54
77 675 8 1 57
77 676 9 0 54
77 677 9 1 59
78 678 2 0 27
78 679 2 1 30
78 680 3 0 19
78 681 3 1 40
78 682 4 0 14
78 683 4 1 54
79 684 1 0 13
79 685 1 1 13
79 686 2 0 16
79 687 2 1 17
79 688 3 0 20
79 689 3 1 20
79 690 4 0 19
79 691 4 1 20
80 692 2 0 16
80 693 2 1 16
80 694 3 0 18
80 695 3 1 34
80 696 4 0 38
80 697 4 1 20
81 698 3 0 32
81 699 3 1 32
81 700 4 0 39
81 701 4 1 40
82 702 2 0 16
82 703 2 1 16
82 704 3 0 16
82 705 3 1 35
82 706 4 0 39
82 707 4 1 20
83 708 5 0 21
83 709 5 1 58
83 710 6 1 90
83 711 7 0 39
83 712 7 1 51
83 713 8 0 80
83 714 9 0 91
84 715 5 1 37
84 716 6 1 47
84 717 7 1 31
84 718 8 1 30
84 719 9 1 65
84 720 10 0 79
84 721 11 0 79
84 722 12 0 78
84 723 13 0 53
85 724 5 0 43
85 725 5 1 19
85 726 6 0 24
85 727 6 1 45
85 728 7 0 25
85 729 7 1 44
85 730 8 0 32
85 731 8 1 44
85 732 9 0 28
85 733 9 1 29
86 734 5 0 41
86 735 5 1 40
86 736 6 0 54
86 737 6 1 49
86 738 7 0 24
86 739 7 1 45
86 740 8 0 54
86 741 8 1 56
86 742 9 0 57
86 743 9 1 27
87 744 5 0 37
87 745 5 1 38
87 746 6 0 38
87 747 6 1 46
87 748 7 0 69
87 749 7 1 52
87 750 8 0 31
87 751 8 1 57
87 752 9 0 59
87 753 9 1 60
88 754 5 0 19
88 755 5 1 33
88 756 6 0 34
88 757 6 1 23
88 758 7 0 48
88 759 7 1 23
88 760 8 0 27
88 761 8 1 26
88 762 9 0 23
88 763 9 1 26
89 764 1 0 15
89 765 1 1 15
89 766 2 0 16
89 767 2 1 32
89 768 3 0 38
89 769 3 1 20
89 770 4 0 38
89 771 4 1 30
89 772 5 0 39
89 773 5 1 36
89 774 6 0 76
89 775 7 0 75
89 776 8 0 85
89 777 9 0 89
89 778 10 1 123
89 779 11 1 122
89 780 12 1 101
89 781 13 1 121
90 782 5 1 34
90 783 6 1 47
90 784 7 1 25
90 785 8 1 27
90 786 9 0 35
90 787 10 0 108
90 788 11 0 85
91 789 10 0 68
91 790 10 1 104
91 791 11 0 57
91 792 11 1 141
91 793 12 0 74
91 794 12 1 126
91 795 13 0 140
92 796 5 0 31
92 797 5 1 16
92 798 6 0 22
92 799 6 1 21
92 800 7 0 18
92 801 7 1 20
92 802 8 0 26
92 803 8 1 22
92 804 9 0 21
92 805 9 1 22
93 806 4 0 20
93 807 4 1 38
93 808 5 0 31
93 809 5 1 37
93 810 6 0 22
93 811 6 1 59
93 812 7 0 43
93 813 7 1 27
93 814 8 0 41
93 815 8 1 27
93 816 9 0 26
93 817 9 1 26
94 818 5 0 39
94 819 5 1 63
94 820 6 0 50
94 821 6 1 51
94 822 7 0 51
94 823 7 1 28
94 824 8 0 54
94 825 8 1 57
94 826 9 0 58
94 827 9 1 57
95 828 5 1 69
95 829 6 1 88
95 830 7 0 58
95 831 7 1 53
95 832 8 0 113
95 833 9 0 90
96 834 4 0 16
96 835 4 1 17
96 836 5 0 35
96 837 5 1 21
96 838 6 0 33
96 839 6 1 42
96 840 7 0 24
96 841 7 1 25
96 842 8 0 22
96 843 8 1 21
96 844 9 0 22
96 845 9 1 49
97 846 5 1 58
97 847 6 1 73
97 848 7 0 72
97 849 7 1 24
97 850 8 0 78
97 851 9 0 58
98 852 5 0 18
98 853 5 1 21
98 854 6 0 25
98 855 6 1 48
98 856 7 0 13
98 857 8 0 26
98 858 8 1 23
98 859 9 0 23
98 860 9 1 27
100 861 1 0 32
100 862 2 0 30
100 863 2 1 16
100 864 3 1 41
100 865 4 1 18
101 866 1 0 13
101 867 1 1 14
101 868 2 0 16
101 869 2 1 16
101 870 3 0 19
101 871 3 1 20
101 872 4 0 17
101 873 4 1 20
102 874 3 0 40
102 875 3 1 40
102 876 4 0 40
102 877 4 1 40
103 878 0 2 8
103 879 1 2 16
103 880 2 0 16
103 881 2 1 16
103 882 3 0 21
103 883 3 1 20
103 884 4 0 15
103 885 4 1 18
104 886 5 0 22
104 887 6 0 41
104 888 7 0 30
104 889 8 0 38
104 890 9 1 46
104 891 10 1 98
104 892 11 1 63
104 893 12 1 32
104 894 13 1 33
105 895 5 0 28
105 896 5 1 12
105 897 6 0 26
105 898 6 1 25
105 899 7 0 16
105 900 7 1 25
105 901 8 0 28
105 902 9 1 58
106 903 4 0 15
106 904 4 1 16
106 905 5 0 30
106 906 6 0 39
106 907 7 0 22
106 908 7 1 40
106 909 8 1 40
106 910 9 1 51
107 911 5 0 19
107 912 5 1 23
107 913 6 0 22
107 914 6 1 23
107 915 7 0 26
107 916 8 0 18
107 917 8 1 20
107 918 9 0 18
107 919 9 1 21
108 920 4 0 19
108 921 5 1 20
108 922 6 0 13
108 923 6 1 15
108 924 7 0 12
108 925 7 1 15
108 926 8 0 9
108 927 8 1 14
108 928 9 0 16
108 929 9 1 19
109 930 5 0 17
109 931 5 1 18
109 932 6 0 19
109 933 6 1 20
109 934 7 0 20
109 935 7 1 24
109 936 8 0 23
109 937 8 1 22
109 938 9 0 22
109 939 9 1 27
110 940 3 0 15
110 941 3 1 18
110 942 4 0 20
110 943 4 1 20
110 944 5 0 19
110 945 5 1 17
110 946 6 0 17
110 947 6 1 19
110 948 7 0 19
110 949 7 1 19
110 950 8 0 26
110 951 9 1 29
111 952 5 0 24
111 953 5 1 35
111 954 6 0 28
111 955 6 1 23
111 956 7 0 29
111 957 7 1 22
111 958 8 0 26
111 959 8 1 24
111 960 9 0 13
111 961 9 1 36
112 962 5 1 60
112 963 6 1 52
112 964 7 0 45
112 965 7 1 24
112 966 8 0 59
112 967 9 0 58
113 968 5 0 41
113 969 6 0 48
113 970 7 0 50
113 971 8 0 60
113 972 9 0 56
113 973 9 1 1
113 974 10 1 119
113 975 11 1 80
113 976 12 1 74
113 977 13 1 100
114 978 0 2 10
114 979 1 0 13
114 980 1 1 14
114 981 1 2 15
114 982 2 0 33
114 983 2 1 33
114 984 3 0 38
114 985 3 1 35
114 986 4 0 36
114 987 4 1 20
115 988 2 0 31
115 989 2 1 31
115 990 3 0 30
115 991 3 1 29
115 992 4 0 35
115 993 4 1 36
116 994 2 0 15
116 995 2 1 16
116 996 3 0 16
116 997 3 1 29
116 998 4 0 29
116 999 4 1 15
117 1000 2 0 15
117 1001 2 1 16
117 1002 3 0 15
117 1003 3 1 16
117 1004 4 0 10
117 1005 4 1 20
118 1006 5 0 22
118 1007 5 1 19
118 1008 6 0 17
118 1009 6 1 22
118 1010 7 0 24
118 1011 7 1 22
118 1012 8 0 22
118 1013 8 1 23
118 1014 9 0 32
118 1015 9 1 25
119 1016 5 0 18
119 1017 5 1 19
119 1018 6 0 23
119 1019 6 1 24
119 1020 7 0 18
119 1021 7 1 20
119 1022 8 0 21
119 1023 8 1 22
119 1024 9 0 25
119 1025 9 1 22
120 1026 5 0 58
120 1027 5 1 20
120 1028 6 0 73
120 1029 7 0 25
120 1030 7 1 48
120 1031 8 1 61
120 1032 9 1 60
121 1033 3 0 37
121 1034 3 1 19
121 1035 4 0 20
121 1036 4 1 38
122 1037 1 0 20
122 1038 1 1 20
122 1039 2 0 20
122 1040 2 1 20
122 1041 3 0 19
122 1042 3 1 20
122 1043 4 0 20
122 1044 4 1 21
123 1045 0 2 12
123 1046 1 2 16
123 1047 2 2 13
123 1048 3 0 18
123 1049 4 1 16
124 1050 3 0 26
124 1051 3 1 20
124 1052 4 0 30
124 1053 4 1 30
125 1054 1 2 14
125 1055 2 2 32
125 1056 3 0 19
125 1057 3 1 19
125 1058 4 0 16
125 1059 4 1 17
126 1060 1 0 16
126 1061 1 1 17
126 1062 2 0 32
126 1063 2 1 32
126 1064 3 0 40
126 1065 3 1 41
126 1066 4 0 40
126 1067 4 1 41
127 1068 0 2 12
127 1069 1 2 13
127 1070 2 2 15
127 1071 3 0 19
127 1072 4 1 14
128 1073 1 0 10
128 1074 1 1 30
128 1075 2 0 13
128 1076 2 1 16
128 1077 3 0 26
128 1078 3 1 13
129 1079 1 2 19
129 1080 2 1 20
129 1081 2 2 14
129 1082 3 0 19
129 1083 3 1 15
129 1084 4 0 37
129 1085 4 1 20
130 1086 1 2 23
130 1087 2 2 42
131 1088 1 0 16
131 1089 1 1 16
131 1090 2 0 31
131 1091 2 1 32
131 1092 3 0 35
131 1093 3 1 39
131 1094 4 0 40
131 1095 4 1 40
132 1096 0 2 10
132 1097 1 1 16
132 1098 2 1 49
132 1099 3 0 40
132 1100 3 1 20
132 1101 4 0 59
133 1102 5 1 18
133 1103 6 0 21
133 1104 6 1 18
133 1105 7 0 18
133 1106 7 1 19
133 1107 8 0 18
133 1108 8 1 21
133 1109 9 0 20
133 1110 9 1 17
134 1111 5 0 21
134 1112 5 1 96
134 1113 6 0 63
134 1114 6 1 91
134 1115 7 0 25
134 1116 7 1 71
134 1117 8 0 58
134 1118 8 1 61
134 1119 9 0 55
134 1120 9 1 60
135 1121 5 0 59
135 1122 6 0 48
135 1123 7 0 25
135 1124 7 1 49
135 1125 8 1 58
135 1126 9 1 59
136 1127 5 0 21
136 1128 5 1 20
136 1129 6 0 23
136 1130 6 1 20
136 1131 7 0 21
136 1132 7 1 18
136 1133 8 0 20
136 1134 8 1 22
136 1135 9 0 24
136 1136 9 1 24
137 1137 5 0 19
137 1138 5 1 18
137 1139 6 0 23
137 1140 6 1 26
137 1141 7 0 39
137 1142 7 1 46
137 1143 8 0 26
137 1144 8 1 27
137 1145 9 0 26
137 1146 9 1 27
138 1147 10 0 36
138 1148 10 1 74
138 1149 11 0 41
138 1150 11 1 31
138 1151 12 0 27
138 1152 12 1 26
138 1153 13 0 23
138 1154 13 1 13
139 1155 10 0 65
139 1156 10 1 37
139 1157 11 0 57
139 1158 11 1 28
139 1159 12 0 59
139 1160 12 1 47
139 1161 13 1 52
140 1162 5 1 42
140 1163 6 1 47
140 1164 7 0 42
140 1165 8 0 30
140 1166 9 0 27
141 1167 5 0 16
141 1168 5 1 38
141 1169 6 0 40
141 1170 6 1 22
141 1171 7 0 27
141 1172 7 1 24
141 1173 8 0 23
141 1174 8 1 28
141 1175 9 0 27
141 1176 9 1 28
142 1177 5 0 58
142 1178 5 1 57
142 1179 6 0 63
142 1180 6 1 70
142 1181 7 0 81
142 1182 7 1 73
142 1183 8 0 48
142 1184 8 1 84
142 1185 9 0 85
142 1186 9 1 86
143 1187 5 0 22
143 1188 6 0 28
143 1189 7 0 36
143 1190 8 0 27
143 1191 9 0 33
143 1192 10 0 10
143 1193 10 1 23
143 1194 11 1 37
143 1195 12 1 33
143 1196 13 1 28
144 1197 5 0 14
144 1198 5 1 32
144 1199 6 0 22
144 1200 6 1 24
144 1201 7 0 19
144 1202 7 1 24
144 1203 8 0 18
144 1204 8 1 24
144 1205 9 0 30
144 1206 9 1 29
145 1207 2 0 23
145 1208 2 1 11
145 1209 3 0 18
145 1210 3 1 19
145 1211 4 0 17
145 1212 4 1 33
147 1213 5 0 40
147 1214 5 1 43
147 1215 6 0 50
147 1216 6 1 50
147 1217 7 0 51
147 1218 7 1 43
147 1219 8 0 56
147 1220 8 1 51
147 1221 9 0 60
147 1222 9 1 57
149 1223 5 0 38
149 1224 6 0 42
149 1225 7 0 25
149 1226 8 0 28
149 1227 9 0 26
149 1228 10 0 36
149 1229 10 1 159
149 1230 11 1 71
149 1231 12 1 41
149 1232 13 1 23
150 1233 3 0 20
150 1234 3 1 21
150 1235 4 0 18
150 1236 4 1 28
150 1237 5 0 17
150 1238 5 1 35
150 1239 6 0 21
150 1240 6 1 35
150 1241 7 0 24
150 1242 7 1 26
150 1243 8 0 23
150 1244 8 1 24
150 1245 9 0 25
150 1246 9 1 23
151 1247 5 0 19
151 1248 5 1 19
151 1249 6 0 21
151 1250 6 1 49
151 1251 7 0 23
151 1252 7 1 23
151 1253 8 0 24
151 1254 8 1 23
151 1255 9 0 24
151 1256 9 1 23
